##TITLE=Parameter List
##JCAMPDX=4.24
##DATATYPE=Parameter Values
##ORIGIN=Bruker BioSpin MRI GmbH
##OWNER=nmrsu
$$ Mon Jul 15 01:27:16 2013 CEST (UT+2h)  nmrsu
$$ /opt/PV5.1/data/nmrsu/nmr/12072013.kO1/7/method
##$Method=DtiEpi
##$PVM_EffSWh=119047.619047619
##$EchoTime=35.647
##$NSegments=4
##$PVM_RepetitionTime=12500.001
##$PackDel=0.001
##$PVM_NAverages=4
$$ @vis= Method PVM_EffSWh EchoTime NSegments PVM_RepetitionTime PackDel
##$PVM_NRepetitions=1
##$PVM_ScanTimeStr=( 16 )
<11h40m0s3ms>
##$PVM_DeriveGains=Yes
##$PVM_DiffPrepMode=SpinEcho
$$ @vis= PVM_NAverages PVM_NRepetitions PVM_ScanTimeStr PVM_DeriveGains
##$PVM_DwUsedSliceThick=0.24
##$PVM_DwVisiblePars=Yes
##$PVM_DwRfcPulseEnum=hermite
$$ @vis= PVM_DiffPrepMode PVM_DwUsedSliceThick PVM_DwVisiblePars
##$PVM_DwRfcPulse=(1, 3420, 180, 10.3599255400683, 100, 0, 100, LIB_REFOCUS, <
hermite.rfc>, 3420, 0.1794, 0, 0.1024, conventional)
##$PVM_DwSliceGradDur=1.5
##$PVM_DwSliceGrad=44.503852315918
##$PVM_DwSliceGradLim=90
$$ @vis= PVM_DwRfcPulseEnum PVM_DwRfcPulse PVM_DwSliceGradDur PVM_DwSliceGrad
##$PVM_TeDwSliceSpoilGradDur=1
##$PVM_TeDwSliceSpoilGrad=20
##$PVM_TeDwSliceSpoilGradLim=50
$$ @vis= PVM_DwSliceGradLim PVM_TeDwSliceSpoilGradDur PVM_TeDwSliceSpoilGrad
##$PVM_DwGradDur=( 1 )
5
##$PVM_DwGradSep=( 1 )
17
$$ @vis= PVM_TeDwSliceSpoilGradLim DW_SliceSelection PVM_DwGradDur
##$PVM_DwDirectScale=Yes
##$PVM_DwMeasMode=DW_Contrast
##$PVM_DwNDiffDir=200
##$PVM_DwNDiffExpEach=1
$$ @vis= PVM_DwGradSep PVM_DwDirectScale PVM_DwMeasMode PVM_DwNDiffDir
##$PVM_DwAoImages=10
##$PVM_DwDir=( 200, 3 )
-0.26901271050312 0.426217878501591 -0.864094805089212 0.389308175473584 
-0.464435056102534 -0.795882261217864 0.445081230516361 -0.1976420477346 
0.873801848108661 -0.133088929137571 -0.941690927830763 0.310153000841594 
-0.803804538681274 0.303775506302364 -0.512160185796321 0.570625555294171 
-0.818400849910209 -0.0727727631759445 0.546879609413495 -0.381000400514566 
-0.745956257540801 -0.694968267864336 -0.130323874314753 -0.707618643758086 
0.436977669784208 0.354280165706818 0.827179201168349 1 0.025248084836222 
0.00720310772499524 0.90105228739222 0.0176089640383441 0.434147498345365 
0.11721439182552 -0.802041401729697 0.586242037736318 0.270239033863324 
0.944121983296047 -0.190509568742757 0.431261766273003 -0.0181503610733938 
0.902426287235024 0.954548436083977 -0.152462458493386 -0.257452582951853 
-0.684540793394427 0.277893717778546 0.674439274024682 -0.603420565481941 
0.577519636472022 -0.550494360726313 0.81244236261832 0.0781690788526358 
0.578373886930666 0.938142351294519 -0.31261573985697 -0.15116110098192 
0.938511196835293 0.0139605073081985 -0.345964142938655 0.131376269868538 
0.698045523767067 0.704387729175477 0.55819629636406 0.673164858448922 
-0.485752322303954 -0.810801012176623 -0.390586398635273 -0.436730276490292 
-0.674620236982389 -0.675403536643708 -0.299009948148539 0.0669321329210682 
0.0514881182724106 -0.996774003376993 0.855088315211468 0.219916686016635 
0.470265855606239 -0.896518090343503 -0.336593056362625 -0.289222714606063 
0.829006420619162 0.559609686118333 -0.0165742065734676 0.540962495058289 
-0.532069399356904 -0.651882722394979 -0.44616454842053 -0.514542089155191 
-0.732716169310676 0.431595689807108 -0.374794110993061 0.820940853809604 
-0.5293045228693 -0.517977646748893 0.672476936472454 -0.143253303822661 
0.921079009904476 0.363016940384437 0.519198159109511 -0.0359315981830537 
-0.85430178647718 -0.536161519132742 -0.352682368497407 0.767356060053691 
0.664104882121116 0.539470927333848 -0.518290627595418 0.193413668129785 
-0.962632781976996 -0.191359950336026 0.891674540905407 -0.452315994836548 
-0.0318763935373862 -0.379484912230833 0.60901807508483 0.696977428729167 
0.27732949417091 0.108780460810838 0.954957859571554 -0.718098496089084 
0.0493843219187061 -0.694683445327453 0.272946070116579 -0.076231072830765 
0.959363652058895 -0.272047650450084 -0.759249386148986 -0.591793710735229 
-0.748955079379407 0.592051028261746 0.298715951289497 -0.389572100798511 
-0.920954026208433 0.0276877308334609 -0.0364008361106751 -0.576672610703816 
0.816586204722614 -0.212183168021281 -0.510904177253184 0.83345340327009 
0.0680695282156268 0.407179133185667 -0.911186612816203 0.617981091652027 
0.764745731270322 -0.18426255021893 0.752839254294195 0.632785920085878 
-0.183042036384063 -0.304561811209955 0.943514648008536 -0.133084795129405 
-0.228465612331424 0.0357420984358975 0.973249873840331 0.793121067213102 
-0.44755710708878 -0.413933520249167 -0.888928224575205 0.308109153187982 
0.339948101662817 -0.435204986510608 -0.171042951176195 -0.884324758851653 
-0.362433782908495 -0.883796249243303 -0.297044261649508 0.522684102667626 
0.173668851511356 -0.835062757750614 0.574430129679879 0.0453311369762245 
0.817719062199968 0.429263888791079 0.669444629591126 0.606849035790909 
0.121839018543267 0.557470234398011 0.821627374099376 0.181498595283223 
-0.877633698540519 0.444417260741639 -0.607854587383634 0.708915426340081 
0.358665679209105 0.527776864894469 0.793472450131023 0.304207827502896 
0.582315634597497 -0.313046854457656 0.750732654922027 0.683364252835411 
-0.433750305173022 -0.587846341536465 0.333116717958432 0.879706961431716 
-0.340350209011211 0.796435334408321 -0.536296738931783 0.28065266160476 
-0.668345921328506 -0.23362539123279 0.706698136805008 -0.120992680394887 
0.983731892762323 -0.135357618928208 0.798219633158127 -0.592982034840943 
-0.109119540622178 0.443088486047979 -0.896519561431448 0.0247915318459711 
-0.285407372034668 -0.465072313870592 -0.838415007861926 0.383340063117102 
-0.912959476595248 -0.142284014046212 -0.377893352897524 0.12771104344638 
0.917374434877329 -0.955034962976461 0.294382407302564 -0.044006457618075 
0.224746322685799 -0.406866988361695 -0.885797773066455 -0.386250843975665 
0.841391403103543 -0.378893313295882 -0.472444704013177 -0.870599832058429 
-0.139790144926359 -0.323680608731926 0.783642188682891 -0.530872050682659 
0.919603618245673 0.393674538752951 -0.00623645700001357 -0.538118505604359 
0.215891428268818 0.815174040113506 -0.932420001568785 -0.322839159839539 
0.164490632248049 -0.0375807528975894 0.751347945886703 0.659358249946323 
-0.980134366175891 -0.195672339206762 0.041693050489647 -0.571932757223598 
-0.559863604752377 -0.600112502650196 -0.874540110392464 -0.461778977952253 
-0.150429788888055 -0.101621023406116 -0.82512337650146 -0.556357737163346 
0.386530179284923 -0.304174803673855 -0.871069147577121 0.0109408663818094 
0.888888999108294 -0.458743932118852 -0.0915144201485816 0.846517544528707 
0.525092856796541 -0.38961246972083 -0.444367357664475 0.807111594161007 
-0.053521827534326 0.478811844641728 0.876677809663827 -0.706044923989439 
0.679165666590819 -0.202296597059346 -0.103618657967132 0.137304240081944 
-0.985444097818545 -0.826009616018296 0.113684169110437 -0.552696457820901 
0.199827937970466 0.861702242645918 -0.467148146495586 0.11333909052819 
0.222395714038196 0.968702094291366 -0.665269099235455 -0.663920614897398 
0.342513931491118 0.863237816995598 0.0343840621010678 -0.504308990729789 
0.640102588338896 0.0628672619947007 -0.766162994616636 -0.858672907323119 
0.459741452238165 0.228052594530297 0.23518306784274 0.869507700188815 
0.435125998374298 0.437501724623089 -0.649718860837814 0.622211373547793 
-0.222405623905015 0.229338001958628 0.947960531805961 0.157819358070153 
0.67178338383499 -0.724216463476446 0.789238319028764 0.226343097490948 
-0.571455185070228 -0.76692002872017 -0.625876507775353 -0.144227657235279 
-0.70023180037732 -0.431850503796016 -0.569095702549456 0.741586316417697 
0.270048970864529 0.614664655878174 0.860790179146608 -0.37144279674346 
0.348941064910597 -0.0546371364430557 0.998275160665099 0.0339239954776663 
0.675718724920993 -0.410575398430386 0.612798007130957 0.0425583841833836 
-0.701907163384148 0.711480476523786 0.386709075089885 0.268102249875184 
-0.882760797387256 -0.567964789808146 0.764640601698204 -0.305663374190615 
-0.669692024949381 0.111320400751071 0.734717435919833 -0.106913834770292 
-0.989354890097218 -0.102155195287501 0.952293617393515 0.175152259438034 
-0.251292464738043 0.0549312208959278 -0.31394414712927 -0.948214629713628 
-0.814290303169715 0.574295665704734 -0.0883467094199006 -0.106822799807603 
-0.0424509240862601 -0.993718349953488 -0.368703931803728 0.73147080968848 
0.574192664351388 -0.234676771221312 -0.34204272451298 0.910287283337339 
-0.87202138663193 -0.358560501586372 0.334219117507437 0.38421545337765 
0.0710548952689804 -0.920879491460699 0.899014909376628 -0.182031748153218 
0.399156593245822 -0.799529669960491 -0.520154354101454 -0.301464932141305 
0.590721696107416 0.392244265960055 0.705607301633302 0.695669483189782 
0.564479317397787 0.44508024100985 0.0512611798255157 -0.952758613557383 
0.300520658664099 0.292964995433935 0.617554914181071 0.730401800360596 
-0.446461745452937 0.793840388010644 0.413737475652161 -0.629327849342986 
-0.764687532777003 -0.141027606536969 -0.391904793989119 -0.785372115363025 
0.479886052524292 -0.986077238003729 -0.019951364229027 0.167161521604501 
0.669283854339686 -0.634620859158708 0.387304580388189 -0.0155428545213016 
0.973022216649385 0.231679813813898 0.0973454287196366 -0.47148138249542 
0.876879994079231 0.854381995295483 0.485541070392206 -0.187004346543323 
0.556952994869678 0.830605274542412 -0.0242402548834687 -0.33415015907892 
-0.597786018733139 0.729167263077211 -0.222419576558359 0.569506084538912 
0.791758613584691 -0.94004147577976 0.250214098007805 -0.233247249760303 
0.884798776215523 0.200297992026942 -0.421546190287948 0.405770691286471 
0.791623526109738 0.457571513046081 -0.0796982572408417 -0.795484056147167 
0.601284171384228 0.0666644706039691 0.234812909580529 -0.970107260256418 
-0.98646776903759 0.118975982509132 -0.115824897085129 0.716547888868501 
-0.229742151981309 0.659141120785136 0.673099071507463 -0.716921150510528 
-0.183442237326212 -0.52845002265157 0.663102408262822 0.530777844549295 
0.59159583648897 -0.134659411940703 0.795343045216021 0.327049682431942 
-0.891834301861963 -0.313623075988272 0.232238127528403 0.157538337588704 
-0.960175231330554 -0.110340011059009 0.308068126468736 -0.94530865962517 
0.514355077625313 0.787757252743396 -0.339951048564392 -0.934354172936541 
-0.160461314934917 -0.319255064915538 0.891764713493159 -0.422376276276135 
0.164448555957069 -0.708408909748076 0.706249166103948 -0.00763429864593715 
0.17601568077784 0.945634033958732 0.274743706912541 0.254720813683318 
-0.700349404340751 0.66732103927934 -0.24124716961104 0.925802158948526 
-0.292197734744307 0.706275287725217 0.708169940422041 -0.0189711354457253 
0.887460741673652 -0.147837932074693 -0.437317651572316 -0.447064218399373 
0.868533607083781 -0.215574368935151 -0.11885190795749 -0.39667652315816 
-0.910610405441764 -0.80124101392423 0.297822581105149 0.519618993434934 
-0.0617158677215861 -0.989131851785021 0.136009859953243 0.242069500778588 
-0.970250633482779 -0.026559660537491 -0.207159454418533 -0.978048420297998 
0.0345774282791764 -0.782404415100436 -0.386731153033227 0.488847314663516 
0.267682154230585 0.749618117059887 -0.60589462238153 -0.0509452534842618 
0.625979694955362 0.778616306790329 -0.959337123290709 0.0486983568704106 
-0.279267084460778 0.986302976597971 -0.150092738178475 -0.0732663555041854 
-0.454254385252432 -0.871037919664792 0.188773002661297 -0.670718773639605 
0.571268535880644 0.473791026876792 0.774382596300065 0.522515909779845 
-0.357768177907575 0.577180014851206 0.23697570642431 0.781917575943817 
0.441764947786731 0.657962325106092 -0.610424983267204 -0.559452589572771 
-0.690250593984631 -0.459626226485151 0.297330579456635 0.945809303693536 
0.133148932085561 0.358719684261389 -0.549831608435088 0.75478125376687 
0.0615517796844356 -0.134073133949057 -0.989406450211212 0.748489730905975 
-0.480590477505103 0.457695604314169 -0.510453695172356 0.825015991835008 
0.243874945105439 -0.66636176483336 -0.397598111696144 0.631321701268557 
0.792694039078654 -0.127822020813295 -0.596646496640322 -0.281903253934303 
-0.29140355178347 -0.914496515016884 -0.982220582964746 -0.095937272657522 
-0.163487359340795 -0.283873930167729 0.252891260747119 -0.925284255003647 
-0.763574914593305 -0.0554013772880661 0.64387373587312 -0.506368718546222 
0.722699381741175 -0.471153557831812 -0.0444204936868954 -0.914476828420766 
-0.403048757064085 0.17769518713385 -0.596258314155471 0.783319726432787 
0.211346750022824 -0.717637025847355 -0.664092614728208 0.26225742246423 
-0.834698789918393 -0.484962189268384 -0.954219918493605 -0.271083457833705 
-0.129102504188631 0.589851363064312 -0.799555639255918 0.116084020321607 
0.525274810687639 -0.490154749614804 0.696077614376377
##$PVM_DwDgSwitch=MonopolarDw
##$PVM_DwMaxBval=14810.8780005047
$$ @vis= PVM_DwNDiffExpEach PVM_DwAoImages PVM_DwDir PVM_DwDgSwitch
##$PVM_DwBvalEach=( 1 )
4000
##$PVM_DwGradAmp=( 1 )
51.9684296002812
##$PVM_DwNDiffExp=210
##$PVM_DwBMat=( 210, 3, 3 )
2.43926805751552 2.43926805751552 3.94085523789309 2.43926805751552 
2.43926805751552 3.94085523789309 3.94085523789309 3.94085523789309 
7.18694630350597 2.43926805751552 2.43926805751552 3.94085523789309 
2.43926805751552 2.43926805751552 3.94085523789309 3.94085523789309 
3.94085523789309 7.18694630350597 2.43926805751552 2.43926805751552 
3.94085523789309 2.43926805751552 2.43926805751552 3.94085523789309 
3.94085523789309 3.94085523789309 7.18694630350597 2.43926805751552 
2.43926805751552 3.94085523789309 2.43926805751552 2.43926805751552 
3.94085523789309 3.94085523789309 3.94085523789309 7.18694630350597 
2.43926805751552 2.43926805751552 3.94085523789309 2.43926805751552 
2.43926805751552 3.94085523789309 3.94085523789309 3.94085523789309 
7.18694630350597 2.43926805751552 2.43926805751552 3.94085523789309 
2.43926805751552 2.43926805751552 3.94085523789309 3.94085523789309 
3.94085523789309 7.18694630350597 2.43926805751552 2.43926805751552 
3.94085523789309 2.43926805751552 2.43926805751552 3.94085523789309 
3.94085523789309 3.94085523789309 7.18694630350597 2.43926805751552 
2.43926805751552 3.94085523789309 2.43926805751552 2.43926805751552 
3.94085523789309 3.94085523789309 3.94085523789309 7.18694630350597 
2.43926805751552 2.43926805751552 3.94085523789309 2.43926805751552 
2.43926805751552 3.94085523789309 3.94085523789309 3.94085523789309 
7.18694630350597 2.43926805751552 2.43926805751552 3.94085523789309 
2.43926805751552 2.43926805751552 3.94085523789309 3.94085523789309 
3.94085523789309 7.18694630350597 2191.57380854683 -1860.44190775122 
-634.464444326692 -1860.44190775122 1580.80442870374 547.93363077644 
-634.464444326692 547.93363077644 244.041547124415 45.9396998138108 
332.606516421364 -139.004917694754 332.606516421364 3339.88650738915 
-1479.36669644899 -139.004917694754 -1479.36669644899 661.486822532361 
1094.83473284934 -1542.3235061596 -963.677009113961 -1542.3235061596 
2174.74088745811 1360.86722630712 -963.677009113961 1360.86722630712 
854.4488684429 3902.0244707149 242.62991947292 394.816007703285 
242.62991947292 23.7857370926628 38.6659447845322 394.816007703285 
38.6659447845322 63.6721582468898 961.335679339326 -690.761471485856 
-1562.10678755444 -690.761471485856 497.391296712806 1125.73691397981 
-1562.10678755444 1125.73691397981 2549.48713059975 2100.51479238698 
1120.69501700571 -1698.59320485718 1120.69501700571 597.928339135468 
-906.256384150472 -1698.59320485718 -906.256384150472 1379.79433698631 
13.1648827186716 137.894630573261 -86.9709220723862 137.894630573261 
2790.48496127222 -1878.48445324596 -86.9709220723862 -1878.48445324596 
1270.76590073794 113.068384495386 -467.882227009894 -458.107573966699 
-467.882227009894 1971.47464900597 1935.68744636974 -458.107573966699 
1935.68744636974 1902.17657898009 2.70936466890797 49.5270348598473 
26.9311426056593 49.5270348598473 3312.12481376339 1649.46051333564 
26.9311426056593 1649.46051333564 824.868290986221 5.76397892899589 
5.28360735963086 127.419681371588 5.28360735963086 4.86499790370373 
111.462602524688 127.419681371588 111.462602524688 4128.9448334315 
78.696635892197 -198.8773433721 -440.964218642409 -198.8773433721 
695.97690448036 1529.95015427158 -440.964218642409 1529.95015427158 
3364.72373999337 3740.45477362683 -914.101691853824 -513.458827716209 
-914.101691853824 225.418216386136 128.789530069729 -513.458827716209 
128.789530069729 76.7007037288707 3637.33965777606 778.44985502132 
1092.82764902538 778.44985502132 167.85432017906 236.006189323657 
1092.82764902538 236.006189323657 332.750634184977 545.194124723562 
-1230.80067881626 -659.636602247448 -1230.80067881626 2780.61659961436 
1492.46898516498 -659.636602247448 1492.46898516498 804.319168033579 
7.03514603679393 28.8787635027317 -89.4523168757373 28.8787635027317 
351.544680405756 -1149.99929682043 -89.4523168757373 -1149.99929682043 
3768.18116382991 2.50239954702196 12.4073911263663 -7.93456717112093 
12.4073911263663 2188.27339771244 -2006.29176711674 -7.93456717112093 
-2006.29176711674 1845.12957194576 2291.74460372546 -850.35024397583 
-1807.83544415851 -850.35024397583 315.801291791593 671.866029745477 
-1807.83544415851 671.866029745477 1431.01909372803 79.3129047453376 
-277.011822291197 -399.099399628193 -277.011822291197 1314.83028939694 
1900.10005350647 -399.099399628193 1900.10005350647 2746.77846496247 
173.870922396077 198.590688028607 -705.110088377335 198.590688028607 
226.874458876413 -811.579560427782 -705.110088377335 -811.579560427782 
3642.01736734008 102.037423104412 -197.904289747263 606.547480974109 
-197.904289747263 391.623231772439 -1193.71911628983 606.547480974109 
-1193.71911628983 3644.83016737392 571.582886042091 1407.20684278532 
225.037563779353 1407.20684278532 3468.81817778112 550.346813916427 
225.037563779353 550.346813916427 92.53638892783 2687.12989617339 
-483.540543645024 1883.05663750515 -483.540543645024 112.902747314641 
-332.10052085003 1883.05663750515 -332.10052085003 1322.1637123606 
118.802078222428 341.073139435278 499.697952419129 341.073139435278 
1229.59505508182 1785.49311254099 499.697952419129 1785.49311254099 
2594.33854562131 1018.91181619263 1088.05601242405 1350.51429238372 
1088.05601242405 1161.89239084092 1442.16130615067 1350.51429238372 
1442.16130615067 1791.662729598 800.756187271 -1603.51993645899 
150.734101649424 -1603.51993645899 3219.21205671507 -295.968938040164 
150.734101649424 -295.968938040164 33.4281903253735 5.35088362132987 
62.9918000259524 103.656057784427 62.9918000259524 1120.4372776142 
1844.21250088579 103.656057784427 1844.21250088579 3036.34624075999 
128.92993698304 255.551586293252 577.07948774629 255.551586293252 
632.378901206942 1416.74073726786 577.07948774629 1416.74073726786 
3175.60090722052 1132.26314166761 455.92497639336 1798.48206196587 
455.92497639336 184.310748083806 724.242170493812 1798.48206196587 
724.242170493812 2857.52220386888 183.65517145527 626.313275951731 
-418.002086280624 626.313275951731 2609.38113015877 -1797.39474892653 
-418.002086280624 -1797.39474892653 1244.29933309842 116.874103207834 
533.700884634342 273.066027177992 533.700884634342 3064.00370247776 
1542.42306379813 273.066027177992 1542.42306379813 778.084290431608 
1771.76113276121 -1648.32171623873 -1190.02525204765 -1648.32171623873 
1535.51013979369 1110.42482072162 -1190.02525204765 1110.42482072162 
805.512465690792 2186.28063723521 -1261.62971223206 1548.68032216628 
-1261.62971223206 730.072230272656 -892.410395505178 1548.68032216628 
-892.410395505178 1098.65455482256 2052.16664874275 2017.92166290808 
-304.359855997602 2017.92166290808 1984.24869639398 -299.157592905131 
-304.359855997602 -299.157592905131 72.8714281966889 388.330618965705 
-994.642199316434 667.838028771988 -994.642199316434 2560.97794491574 
-1711.01098725768 667.838028771988 -1711.01098725768 1149.35819092649 
1558.80519235031 -1444.53398111964 1324.80614665226 -1444.53398111964 
1340.66739960997 -1226.40726653519 1324.80614665226 -1226.40726653519 
1127.56042610865 2012.75116669322 -617.638893872668 1930.21672116141 
-617.638893872668 235.650067051626 -585.801112209381 1930.21672116141 
-585.801112209381 1852.80280025876 2631.26262059809 1791.10265799836 
-677.7741347551 1791.10265799836 1219.20507150275 -461.361418194914 
-677.7741347551 -461.361418194914 180.801845658233 652.104137391868 
272.470800656365 -1464.75687511554 272.470800656365 141.26878399065 
-599.855090972764 -1464.75687511554 -599.855090972764 3296.35545891439 
357.999534412484 1063.28789725028 -444.914064226746 1063.28789725028 
3165.96703370204 -1328.96303485186 -444.914064226746 -1328.96303485186 
560.913771476817 297.908059785616 -1016.70414397751 -319.629882048355 
-1016.70414397751 3471.84766618228 1094.14581315022 -319.629882048355 
1094.14581315022 349.1528448133 429.551844372749 -810.712456373269 
-930.360640010354 -810.712456373269 1537.35124936194 1766.66963947165 
-930.360640010354 1766.66963947165 2031.82092428671 791.640845447206 
-1535.98285330796 -513.241590058875 -1535.98285330796 2982.22179415226 
999.127276840041 -513.241590058875 999.127276840041 338.965331768895 
874.22280377711 1572.89520796017 498.405308150486 1572.89520796017 
2829.94143430607 896.727147158339 498.405308150486 896.727147158339 
285.77378128583 770.327450001629 907.078193096246 -1301.71177480174 
907.078193096246 1068.16939337672 -1533.63336677093 -1301.71177480174 
-1533.63336677093 2211.43009862812 2946.47755731289 1147.4785431281 
1318.33401207549 1147.4785431281 446.874948587828 513.413037129054 
1318.33401207549 513.413037129054 591.485118000734 2887.29966874246 
-1822.59899958734 54.4492377227334 -1822.59899958734 1152.53774900847 
-30.102760505293 54.4492377227334 -30.102760505293 10.8276163751186 
2532.37421441686 -1838.06241542825 536.536395380784 -1838.06241542825 
1336.14079156359 -380.53281813986 536.536395380784 -380.53281813986 
153.548428192049 2196.75394290406 -2013.06822624837 251.055696587781 
-2013.06822624837 1846.44613669099 -227.240486318923 251.055696587781 
-227.240486318923 34.1835891774595 2472.11024463984 439.869622876412 
1994.07918579828 439.869622876412 79.6387289681972 356.189073840541 
1994.07918579828 356.189073840541 1610.68405721347 1765.18828037087 
238.048192250916 2043.26912652553 238.048192250916 33.6219582333951 
276.382573582624 2043.26912652553 276.382573582624 2366.43155723279 
3464.12742491197 955.485825540293 -1111.51271109676 955.485825540293 
264.608958911047 -305.180740610499 -1111.51271109676 -305.180740610499 
359.302943384042 482.354073311686 -1277.46177143625 253.791671990018 
-1277.46177143625 3385.24491778416 -662.811288951109 253.791671990018 
-662.811288951109 177.260874096916 208.10320399264 460.209977854385 
-655.42018387194 460.209977854385 1235.25797800343 -1796.98507209215 
-655.42018387194 -1796.98507209215 2620.3719237042 105.555407957353 
287.301028469138 -567.067345342486 287.301028469138 788.106058511638 
-1564.81915126194 -567.067345342486 -1564.81915126194 3121.76244586597 
159.1058505812 -697.980988436264 -339.268477206253 -697.980988436264 
3101.49846509233 1513.24319306737 -339.268477206253 1513.24319306737 
739.948840602855 1944.54111123911 1725.08031916156 995.32173292086 
1725.08031916156 1530.38785879011 882.989782407549 995.32173292086 
882.989782407549 511.086418611005 986.581478579447 -1390.29665880561 
1071.11275138051 -1390.29665880561 1963.24970478463 -1507.85448383874 
1071.11275138051 -1507.85448383874 1164.3100007826 308.435982793939 
-866.715165623706 -655.116581292191 -866.715165623706 2437.52562630353 
1844.20812569663 -655.116581292191 1844.20812569663 1397.68185134854 
607.699150083962 1293.98422108638 695.461275014314 1293.98422108638 
2757.89756633787 1479.73746535308 695.461275014314 1479.73746535308 
797.198243549023 165.559556920719 797.82020759226 114.408701104059 
797.82020759226 3874.5811649315 543.951198815167 114.408701104059 
543.951198815167 81.6956165338 3850.82229619215 -299.413542979874 
-773.188384716679 -299.413542979874 25.3081034243801 63.4270059856848 
-773.188384716679 63.4270059856848 161.462140954814 1093.57028359634 
1291.44525886083 -1257.07715087995 1291.44525886083 1525.19103617875 
-1485.19256114656 -1257.07715087995 -1485.19256114656 1452.29514634491 
1546.8975078303 1493.53809406056 1353.5380039153 1493.53809406056 
1442.02170106318 1306.90143881099 1353.5380039153 1306.90143881099 
1186.32836837167 1351.61756676338 -1345.5427394661 -1389.72525728089 
-1345.5427394661 1341.52297430965 1386.78833314664 -1389.72525728089 
1386.78833314664 1435.12466556178 95.9162276975724 389.361450453484 
-372.374757880386 389.361450453484 2018.39052823477 -1985.2825599243 
-372.374757880386 -1985.2825599243 1958.93497100353 3631.64725639134 
156.601579484028 1331.47535845821 156.601579484028 8.61056077746368 
59.8715035778279 1331.47535845821 59.8715035778279 492.22566002266 
1454.99389614341 -142.143118280799 -1958.26944189612 -142.143118280799 
15.9141856007645 194.61893206116 -1958.26944189612 194.61893206116 
2641.84293631522 964.375285086376 -1117.90816497885 1301.55577467627 
-1117.90816497885 1297.91192833297 -1507.48788524701 1301.55577467627 
-1507.48788524701 1758.25347009248 3751.91352313214 1047.06156717828 
-339.887643549447 1047.06156717828 293.262140192512 -90.0351244412093 
-339.887643549447 -90.0351244412093 53.627880679654 1012.16914500467 
668.0826379685 -1636.89820830271 668.0826379685 440.968205124342 
-1080.43529926388 -1636.89820830271 -1080.43529926388 2653.4386285166 
2786.56113547373 1092.93905281761 -1530.7656919744 1092.93905281761 
428.670219349335 -600.393647989269 -1530.7656919744 -600.393647989269 
847.12604086666 34.5490573235744 293.894152085175 89.2531364247563 
293.894152085175 3634.01660874886 1067.08489367985 89.2531364247563 
1067.08489367985 314.963242336261 2461.87697117683 1529.89514112512 
-1251.39339838412 1529.89514112512 950.72953288945 -777.658957875841 
-1251.39339838412 -777.658957875841 642.311412948168 192.856062162182 
-711.062064324901 301.550688826389 -711.062064324901 3272.21566370535 
-1345.35989516921 301.550688826389 -1345.35989516921 556.164514638611 
357.76532183331 102.984790873725 -1131.08987743455 102.984790873725 
30.6789989396794 -320.081453926838 -1131.08987743455 -320.081453926838 
3606.15118350903 4.64424975684912 56.5606084835134 -9.41965165781899 
56.5606084835134 3794.86828554604 -935.989205510385 -9.41965165781899 
-935.989205510385 237.075328085865 3479.32263555896 -24.4018670756762 
-1418.50646780935 -24.4018670756762 3.42845796588396 12.6212187096065 
-1418.50646780935 12.6212187096065 581.329526993919 2229.13111123282 
1399.52350084745 1394.0554667046 1399.52350084745 878.667934584183 
875.234918801585 1394.0554667046 875.234918801585 873.442023932798 
3525.88925772987 -549.659221581567 -1193.14933096369 -549.659221581567 
110.921981544956 192.945926567783 -1193.14933096369 192.945926567783 
406.485076007167 564.027672584476 239.180327364587 1404.97022607406 
239.180327364587 102.101334289848 594.781720005601 1404.97022607406 
594.781720005601 3502.04292065741 48.4558923737803 -311.757198374908 
203.105677240811 -311.757198374908 2855.30578253555 -1797.70091799493 
203.105677240811 -1797.70091799493 1135.87910852002 522.214658698324 
-51.1708043853692 1339.30844977156 -51.1708043853692 7.04188706157394 
-129.954825858728 1339.30844977156 -129.954825858728 3436.51137408945 
790.504181245132 1618.74028919682 -25.9731492191954 1618.74028919682 
3316.97711128935 -57.7720501967962 -25.9731492191954 -57.7720501967962 
11.0944006995067 128.384409024276 25.4518038232838 629.377942302818 
25.4518038232838 6.62844250431659 91.1794638070646 629.377942302818 
91.1794638070646 3799.21444663851 315.344623567416 865.802900361874 
636.027950675303 865.802900361874 2377.12840572585 1746.26362160942 
636.027950675303 1746.26362160942 1284.45039919834 536.310165934721 
466.924503317823 1272.5178741456 466.924503317823 406.51568000509 
1107.88460500823 1272.5178741456 1107.88460500823 3020.96485001847 
1174.86964297962 1808.49733148553 157.43888776793 1808.49733148553 
2783.85148304239 242.348425718317 157.43888776793 242.348425718317 
39.5876106164044 21.8983253823669 -259.472497664951 116.633998982527 
-259.472497664951 3388.22635667959 -1479.81057675435 116.633998982527 
-1479.81057675435 652.525759708662 4060.41037073689 -217.245920376017 
110.106676671125 -217.245920376017 19.9622388084221 0.709705265723542 
110.106676671125 0.709705265723542 9.02771105224812 1366.24460201625 
1926.82518852579 -143.44213165359 1926.82518852579 2717.75815307503 
-204.735509374562 -143.44213165359 -204.735509374562 33.2620815461644 
2097.60983717375 -1677.9244791112 1112.45353467482 -1677.9244791112 
1344.23664242363 -888.594755833829 1112.45353467482 -888.594755833829 
591.609098738113 48.9540025337784 436.955167548231 -8.65993067834261 
436.955167548231 4033.07384690944 -119.282878086097 -8.65993067834261 
-119.282878086097 15.6144521860905 2041.89218778305 257.030390409533 
-1999.32327634492 257.030390409533 33.905535271494 -248.813369213566 
-1999.32327634492 -248.813369213566 1963.72727174852 1089.45776663724 
-1779.35529677294 -149.043745555454 -1779.35529677294 2911.54855913032 
253.760975156573 -149.043745555454 253.760975156573 40.9190182368468 
439.305606645827 -613.896322009814 -1083.59577569988 -613.896322009814 
861.851786291921 1523.06393512131 -1083.59577569988 1523.06393512131 
2693.18433689295 3887.16147203142 -274.799487597684 852.16663547251 
-274.799487597684 30.0019642968569 -53.6995175650717 852.16663547251 
-53.6995175650717 191.682988872102 100.687476730801 -549.593168117978 
-61.7377766073391 -549.593168117978 3909.74725600949 512.806738838323 
-61.7377766073391 512.806738838323 72.6467819337352 2218.40984051251 
-196.589873342811 1964.89903851017 -196.589873342811 19.4490566317867 
-172.842968017967 1964.89903851017 -172.842968017967 1741.98512184184 
230.060701462289 -430.37555657337 842.335308183359 -430.37555657337 
812.264743955612 -1583.52707225269 842.335308183359 -1583.52707225269 
3093.33638368593 541.527203497772 -999.601411406704 966.175801000377 
-999.601411406704 1852.09269761046 -1784.02933557775 966.175801000377 
-1784.02933557775 1724.68456803663 475.68758321531 552.015971812469 
-1172.76981567843 552.015971812469 640.644375329367 -1361.96348222372 
-1172.76981567843 -1361.96348222372 2911.7242723539 1641.93579019552 
1923.33923862969 645.323696778868 1923.33923862969 2253.0307003426 
755.491520933675 645.323696778868 755.491520933675 257.562279090663 
2828.43059075093 -1106.33847601179 -1523.43798047587 -1106.33847601179 
434.771213002888 599.200785950105 -1523.43798047587 599.200785950105 
826.765380684793 84.7463655894327 -491.84955226277 119.070545083438 
-491.84955226277 3781.34363243534 -680.779584420201 119.070545083438 
-680.779584420201 168.227749651974 3323.06827899168 -1472.5454911428 
635.069232840178 -1472.5454911428 652.924952397609 -280.121671233098 
635.069232840178 -280.121671233098 126.396737515018 782.173853012952 
-772.740558312433 1424.53610907231 -772.740558312433 765.405319560648 
-1407.73593658692 1424.53610907231 -1407.73593658692 2595.32978697169 
1079.89120310577 783.917974086027 1582.10534788765 783.917974086027 
569.064168990136 1148.48682491331 1582.10534788765 1148.48682491331 
2319.50588369186 102.268664934573 392.903342565245 398.354805730915 
392.903342565245 1917.41732368899 1923.53686111092 398.354805730915 
1923.53686111092 1931.30263724189 3.40457253757283 52.5824294671327 
59.4794198869786 52.5824294671327 1858.32454709844 2065.80190210736 
59.4794198869786 2065.80190210736 2297.81004176105 914.288893865716 
-355.987259366431 -1675.35614905447 -355.987259366431 140.63485528982 
655.625363473322 -1675.35614905447 655.625363473322 3076.16406295571 
3354.53614036175 1581.37039820176 -111.88103610827 1581.37039820176 
746.044742159048 -50.1947922658681 -111.88103610827 -50.1947922658681 
15.9945202746482 1523.56175836364 -1021.18970324083 -1705.9760975771 
-1021.18970324083 686.495194693391 1146.76477785443 -1705.9760975771 
1146.76477785443 1916.44800519992 3413.53831714529 -1443.60731779631 
-214.737369176575 -1443.60731779631 612.538582101003 94.1229927680663 
-214.737369176575 94.1229927680663 19.7259084297344 1449.96127667445 
-1702.87767218159 971.113156974761 -1702.87767218159 2002.71098834108 
-1138.20957052159 971.113156974761 -1138.20957052159 653.100970500476 
2778.56214713032 93.8109237730013 -1872.7737887781 93.8109237730013 
5.06181077966261 -60.668729883222 -1872.7737887781 -60.668729883222 
1266.54276144508 113.506450366441 -431.142483092259 402.968816502781 
-431.142483092259 2131.8888684132 -1936.90864481601 402.968816502781 
-1936.90864481601 1765.39463895054 3031.01678130957 1672.87623271189 
268.87263024953 1672.87623271189 923.2924433903 148.39595595272 
268.87263024953 148.39595595272 43.1737434392538 292.483584912765 
-135.116115703549 1046.19500967135 -135.116115703549 88.5606025718915 
-497.512153767647 1046.19500967135 -497.512153767647 3750.71392381637 
35.6080468137868 -364.725004777008 29.140664452364 -364.725004777008 
3961.38143573851 -280.563084073301 29.140664452364 -280.563084073301 
26.088060379097 1315.85076870156 353.15009655499 -1852.3487179944 
353.15009655499 95.8660423578626 -494.105662978884 -1852.3487179944 
-494.105662978884 2616.85315642164 518.192287931248 -1337.72994865741 
-104.717969892254 -1337.72994865741 3466.95930254562 287.264669473319 
-104.717969892254 287.264669473319 43.1104740991489 844.588946106075 
1515.14554486933 -665.39797715126 1515.14554486933 2719.3680173731 
-1195.97815932014 -665.39797715126 -1195.97815932014 529.1390401572 
1797.20069139533 -1914.84821279368 504.336414291283 -1914.84821279368 
2042.2248807974 -527.859346934267 504.336414291283 -527.859346934267 
186.775057186562 848.19606867698 -327.194440510314 1595.6718089368 
-327.194440510314 128.244097153206 -614.254262245267 1595.6718089368 
-614.254262245267 3003.48985706005 759.690122900457 -1426.87115494081 
699.054872873406 -1426.87115494081 2687.16170891555 -1310.2663017661 
699.054872873406 -1310.2663017661 645.106201799669 418.382737600405 
-396.297954489504 -1182.75173756031 -396.297954489504 377.40669933484 
1123.62809176837 -1182.75173756031 1123.62809176837 3349.81049539549 
520.9620563332 693.735712095852 1145.93294255796 693.735712095852 
923.808619814964 1525.97410167447 1145.93294255796 1525.97410167447 
2522.27536718051 38.4884784141887 312.371192989846 234.770327414355 
312.371192989846 2643.58416223347 1973.44166663189 234.770327414355 
1973.44166663189 1475.58665762091 508.183164733137 912.94028237953 
1014.98448020442 912.94028237953 1641.36938376958 1823.99051814237 
1014.98448020442 1823.99051814237 2028.29768907204 3952.93225493534 
289.730424461661 -265.675208632213 289.730424461661 31.4338129863485 
-12.0515609160831 -265.675208632213 -12.0515609160831 24.0732431399662 
345.697833825908 1084.7598929826 364.937592379239 1084.7598929826 
3413.17397069449 1142.61903841847 364.937592379239 1142.61903841847 
386.742464549908 1343.08726814958 1625.44012723253 -1019.83591241136 
1625.44012723253 1967.24086053957 -1234.82666854879 -1019.83591241136 
-1234.82666854879 779.131805045748 1682.57841366489 1111.53732176937 
1618.01484439357 1111.53732176937 734.298745099853 1068.88562940907 
1618.01484439357 1068.88562940907 1557.55540364039 3313.35824094874 
-527.747062666132 1406.49224714631 -527.747062666132 86.0865723247346 
-222.742697589599 1406.49224714631 -222.742697589599 598.670642596943 
24.449475147792 -34.7987321106455 247.68052094018 -34.7987321106455 
99.5839017893508 -611.098742656057 247.68052094018 -611.098742656057 
3845.66411068585 2162.37117836313 -348.964637650298 -2013.4761615182 
-348.964637650298 58.3438620603223 328.245056469298 -2013.4761615182 
328.245056469298 1881.05095618307 2659.01011396702 1969.11245892477 
10.5002966146125 1969.11245892477 1458.34989430827 8.73941149210499 
10.5002966146125 8.73941149210499 7.65377452165422 2410.92489815712 
-1965.358986677 -350.545456564526 -1965.358986677 1604.16640265793 
289.069909510149 -350.545456564526 289.069909510149 57.1861740783542 
1125.521900871 60.7794988552268 1846.89559143883 60.7794988552268 
5.10010866019078 99.7172544976201 1846.89559143883 99.7172544976201 
3031.43188985325 2460.17382798188 981.207501498828 1797.96368197118 
981.207501498828 392.074949497889 718.193194398936 1797.96368197118 
718.193194398936 1316.46685796891 2788.13562186637 -1494.84751255734 
1097.40147766055 -1494.84751255734 803.484140110896 -587.085896043034 
1097.40147766055 -587.085896043034 433.560503977905 204.414736280513 
866.827180026259 -150.503915654106 866.827180026259 3697.31511622569 
-673.112578218004 -150.503915654106 -673.112578218004 168.248264687692 
441.576483833141 -116.013276661166 -1237.55979714255 -116.013276661166 
46.2459758702975 344.602565068245 -1237.55979714255 344.602565068245 
3493.22495674576 517.865076371264 -444.815396793913 1296.1930736922 
-444.815396793913 383.571972261796 -1114.87603503694 1296.1930736922 
-1114.87603503694 3246.67454151735 1255.79735582236 1660.10682662328 
946.561060715606 1660.10682662328 2194.79603272952 1250.73630200667 
946.561060715606 1250.73630200667 715.856553076921 3739.22805275067 
-977.388493364922 207.289179031383 -977.388493364922 257.50516052467 
-48.7740396430076 207.289179031383 -48.7740396430076 26.7356942880348 
1466.78281840217 -1938.76573280873 202.304401706561 -1938.76573280873 
2566.17141709416 -263.392243532808 202.304401706561 -263.392243532808 
33.2519262105258 110.748163702255 -24.113282017935 -645.447454696591 
-24.113282017935 13.5037884610086 167.206954548877 -645.447454696591 
167.206954548877 3848.72639967922 879.334334103055 -988.252967599984 
-1372.59148116283 -988.252967599984 1112.6905524494 1545.91652502136 
-1372.59148116283 1545.91652502136 2148.75547336281 1383.21193802756 
1055.7339854678 -1619.34129815026 1055.7339854678 805.787036266546 
-1235.95928832615 -1619.34129815026 -1235.95928832615 1901.99781908473 
684.3089513791 1253.5275971932 -862.455662264335 1253.5275971932 
2297.63822349672 -1583.06068117662 -862.455662264335 -1583.06068117662 
1095.0787235348 755.404923873222 -1198.3885424856 -1055.06956728641 
-1198.3885424856 1903.17382425075 1677.09133212279 -1055.06956728641 
1677.09133212279 1479.82669795553 1949.68111152694 1778.72972092178 
-956.490523837283 1778.72972092178 1622.76764204409 -872.623790870586 
-956.490523837283 -872.623790870586 475.46025733029 1126.25875034791 
-1743.14526059709 528.63926126586 -1743.14526059709 2702.78565764782 
-814.536027235612 528.63926126586 -814.536027235612 251.69327752651 
1759.5487264117 -1987.32964950811 -206.407964364876 -1987.32964950811 
2247.18749240741 240.426177258169 -206.407964364876 240.426177258169 
45.5953687646403 3014.41224486648 21.9304715744821 1842.19196651618 
21.9304715744821 2.43651954400414 15.5965364026479 1842.19196651618 
15.5965364026479 1128.74662515484 3.8011730087193 13.9526619280911 
38.0124556690457 13.9526619280911 508.227062996555 1324.00671120544 
38.0124556690457 1324.00671120544 3450.8601292258 820.468227379854 
3.1019205322884 -1643.16476653081 3.1019205322884 2.82308656321285 
-2.31580670111915 -1643.16476653081 -2.31580670111915 3297.00951280704 
1760.33876637297 741.880336762539 -1862.39876511801 741.880336762539 
313.338917534171 -782.907830171369 -1862.39876511801 -782.907830171369 
1976.99045926741 2392.08039902798 1957.13528702744 595.495333611463 
1957.13528702744 1601.34209297118 487.728471243784 595.495333611463 
487.728471243784 152.943965235349 3276.86903856105 -1269.49995819868 
-978.248211510051 -1269.49995819868 493.847885042811 382.294742555563 
-978.248211510051 382.294742555563 298.255085531096 3813.78466607996 
403.752432483229 -747.089137107167 403.752432483229 44.3659030485622 
-70.0902138975285 -747.089137107167 -70.0902138975285 197.121282697492 
1793.35410853684 722.87779335033 1934.89847015042 722.87779335033 
292.105986286461 780.602610719935 1934.89847015042 780.602610719935 
2089.05229169899 10.0986054739079 -82.6794860023004 165.506916411047 
-82.6794860023004 846.986416023432 -1661.5884793436 165.506916411047 
-1661.5884793436 3265.8637667205 3195.82152066578 541.809703158346 
-1576.6855910212 541.809703158346 93.2561127332966 -265.410222599671 
-1576.6855910212 -265.410222599671 781.257476093243 2.56628225631031 
-8.09338663723687 6.50782274242225 -8.09338663723687 3943.18720458768 
347.821237318621 6.50782274242225 347.821237318621 51.9525207698148 
28.4237143113516 198.490411307016 -257.218123880269 198.490411307016 
1464.28109279314 -1922.70674604862 -257.218123880269 -1922.70674604862 
2533.15142563892 3711.87991189046 834.699942370542 146.39391495066 
834.699942370542 226.863421461497 54.6079802465898 146.39391495066 
54.6079802465898 18.6013755168002 3114.79173351038 1423.96085096642 
-909.108203930171 1423.96085096642 650.979159624203 -415.608683483314 
-909.108203930171 -415.608683483314 271.556947281906 3337.88508504939 
1279.63914079779 600.054896014888 1279.63914079779 490.57300923752 
230.041991261853 600.054896014888 230.041991261853 146.591414266242 
1195.9930148096 -675.675176343779 1698.83890997225 -675.675176343779 
383.749841124372 -958.476093078111 1698.83890997225 -958.476093078111 
2414.72913097606 3510.85039774629 -814.06268289827 1064.12943318617 
-814.06268289827 233.054554005145 -234.142403531891 1064.12943318617 
-234.142403531891 326.934459432782 320.206930161436 1097.5960295428 
-27.6641864418352 1097.5960295428 3774.33576667859 -106.618836219275 
-27.6641864418352 -106.618836219275 14.7683385330789 109.657982063147 
-120.597323318892 -624.401390699941 -120.597323318892 188.328046395274 
754.551778674231 -624.401390699941 754.551778674231 3638.88552413852 
40.750534354595 46.6874543708011 -332.17850788317 46.6874543708011 
53.5438291671015 -389.023333975764 -332.17850788317 -389.023333975764 
4018.48858461541 3064.26772022053 470.620372097435 1570.80235821811 
470.620372097435 92.5812011776415 245.303638994888 1570.80235821811 
245.303638994888 806.850100183545 494.146903175083 941.008701867018 
-931.815208373139 941.008701867018 1793.63700945654 -1779.10034656617 
-931.815208373139 -1779.10034656617 1770.85134733008 1593.15058243225 
-243.130719555369 1995.52293886959 -243.130719555369 52.7814398701605 
-302.396401751283 1995.52293886959 -302.396401751283 2500.62918228991 
26.5083864124389 -211.729832904903 -148.642888957818 -211.729832904903 
2706.18238665382 1952.12718195683 -148.642888957818 1952.12718195683 
1410.68270539726 2919.43923848314 -1040.90812353637 1565.08338453071 
-1040.90812353637 371.387351160509 -557.228032599577 1565.08338453071 
-557.228032599577 842.27992020228 830.401092683438 1262.1944831339 
1009.3758545681 1262.1944831339 1918.51254446866 1534.23284996821 
1009.3758545681 1534.23284996821 1228.55141302191 2747.39482361947 
1665.88411067822 1039.8674901112 1665.88411067822 1010.42404766358 
631.525402126317 1039.8674901112 631.525402126317 397.586877047849 
2564.88706263718 -1569.24286808891 -1198.47237186786 -1569.24286808891 
962.118054860684 736.555584329863 -1198.47237186786 736.555584329863 
566.217020123437 300.644342325673 -1052.26889163902 87.573157931721 
-1052.26889163902 3707.9984227439 -296.930478863425 87.573157931721 
-296.930478863425 29.9950138135476 1542.60264081916 -605.089509061179 
-1897.30647965625 -605.089509061179 239.375540047708 747.532100633024 
-1897.30647965625 747.532100633024 2339.78771480661 1819.43232862218 
1503.2899820407 -1359.90985147796 1503.2899820407 1242.1414353911 
-1123.12701869963 -1359.90985147796 -1123.12701869963 1021.12545079856 
1500.41415996451 -1067.57838692934 1618.61478309611 -1067.57838692934 
761.633768137029 -1150.39936731802 1618.61478309611 -1150.39936731802 
1747.75380130091 65.0996956814851 -300.843948612167 409.148693771269 
-300.843948612167 1434.98180092669 -1935.79535962797 409.148693771269 
-1935.79535962797 2617.6118683104 41.3871656542855 -379.059640153206 
-108.381552622762 -379.059640153206 3650.61932274239 1056.13396924828 
-108.381552622762 1056.13396924828 307.169100118376 4.00865561972313 
15.9643830427671 44.8881330836626 15.9643830427671 117.660120850254 
601.99391676837 44.8881330836626 601.99391676837 3815.48821838673 
1462.56331027943 -1819.21086680307 -671.503765113507 -1819.21086680307 
2265.96892817218 838.006384978298 -671.503765113507 838.006384978298 
311.540357863128 365.963318202309 -702.936217232214 916.963785818608 
-702.936217232214 1352.21588138054 -1760.00727571013 916.963785818608 
-1760.00727571013 2299.18644319808 2954.87750145572 -410.463394120627 
-1719.74238322107 -410.463394120627 76.5788690516651 246.538282045203 
-1719.74238322107 246.538282045203 1004.69939537347 1871.75739633696 
1992.18240946083 62.8845106247692 1992.18240946083 2120.355319729 
66.9303704312249 62.8845106247692 66.9303704312249 12.8249326450992 
2921.58036656826 -1702.58887966657 -660.471259994962 -1702.58887966657 
994.233527518957 388.207377113048 -660.471259994962 388.207377113048 
155.527687935378 643.103043093103 1429.6876279168 -363.828383899038 
1429.6876279168 3178.35024320113 -808.829851968392 -363.828383899038 
-808.829851968392 212.049160281181 1339.36666791244 1787.55041203496 
-642.854774609022 1787.55041203496 2385.70703013437 -857.969176597519 
-642.854774609022 -857.969176597519 314.767808932102 131.894617258436 
148.814443280855 621.638360447796 148.814443280855 167.945291955308 
706.590135418514 621.638360447796 706.590135418514 3599.9663325745 
2440.36456786115 525.682384776695 -1890.90177975774 525.682384776695 
140.558561873343 -395.175168832882 -1890.90177975774 -395.175168832882 
1471.37115378692 2090.45265821557 -1327.8945047382 -1563.42527641438 
-1327.8945047382 845.531106753663 996.426063130239 -1563.42527641438 
996.426063130239 1175.48491979875
##$PVM_DwEffBval=( 210 )
12.065482418537 12.065482418537 12.065482418537 12.065482418537 
12.065482418537 12.065482418537 12.065482418537 12.065482418537 
12.065482418537 12.065482418537 4016.41978437499 4047.31302973532 
4124.02448875035 3989.48236605445 4008.21410665188 4078.23746850876 
4074.41574472883 3986.71961248145 4139.70246941852 4139.5738102642 
4139.39728036593 4042.57369374183 4137.9446121401 4130.1298923715 
4126.76099027246 4035.90536920522 4038.56498924508 4140.92165910475 
4042.76274861257 4138.49082225077 4132.93745275104 4122.19635584863 
3942.73567892555 3972.46693663154 4053.39643431144 4162.13440199553 
3936.9097454105 4174.0960936203 4037.33563471246 3958.9620961172 
4112.78373824568 4015.00742233043 4109.28677333342 4098.66675480793 
4027.03301806893 4101.20403400361 4031.26953775907 4089.72838029691 
4084.88033959134 4118.9085707812 3998.7240180214 4112.82797136836 
3989.93801936901 4049.92694200648 3984.83762390145 4050.66503412605 
4022.06343417249 4077.38366877251 4162.43303082151 4165.24179583705 
4088.03932720706 4044.85986519277 4063.73310570027 4015.42391233496 
4000.55315627638 3986.01538864022 4114.14118414668 4143.64346044601 
4162.79495997086 4121.83633838602 4037.59254057135 4071.05646612 
4175.24757726515 4128.26520663481 4073.24172693587 4132.48347719146 
4112.7510180594 4020.54068351183 4098.8035440043 4106.57597864562 
4062.35739568973 3983.5289084087 4054.91791701445 4021.23624050614 
3994.59550428202 4036.58786338875 4064.08062051877 3981.24106974981 
4043.29631528199 4168.17192753174 4039.64078342935 3965.76791984935 
4118.57569323399 3934.2272981671 3976.92342849161 3963.79069595828 
3998.30873663841 4062.65044177062 4089.40032059756 4117.26483663744 
4033.4555783355 4097.64230162931 4039.52499480306 4041.92534400441 
3994.3417298307 4108.84642520038 4083.08151467402 3979.84401898614 
4135.66182910383 4118.30446914487 4028.05623089858 4152.52876962879 
4089.96718443861 4034.31774767675 4102.38996890431 4142.90895954529 
3968.46125578777 3950.98862586545 4159.53916139706 4131.08781211125 
4116.57540279545 4126.50495825695 4045.80280767603 4105.773235516 
4050.16671935507 4010.78995773019 3997.48296813912 4131.75811130103 
4023.0775429314 4028.56996748107 4028.26206457602 4093.09600363637 
4026.20062937929 3979.93002289024 4091.95803361568 4145.59993233074 
3967.04604332868 4157.65929826857 4177.85023757476 4008.43931106166 
4145.6142690703 4089.45993373491 3974.43256240513 3998.11545587042 
3969.69748762299 4101.76599660652 4125.01378279695 4072.27747489341 
4162.05389938444 4168.71563544868 4025.18026595517 4069.9781171939 
3981.0474164492 4148.11159015041 4166.4499416288 4023.46890756338 
4066.20616170685 3972.97835184248 4140.78035991526 4090.99679337883 
4077.02589841062 4138.40544607951 4047.90901090132 4080.73768552224 
4052.33158758376 4145.59538956532 3962.88836523107 4120.30082675011 
4050.66814317456 4146.36645723451 4068.97200913496 4055.27185182601 
4174.51238652229 4122.94878821784 4070.33510949232 3997.70600761381 
4025.85623274342 3957.34470886876 4037.32784041649 3975.04950855315 
3994.47198691003 4070.83941118421 4109.31103537311 3936.87155259694 
4112.78294813711 3963.69902158171 4058.63525996171 4146.56120459232 
4143.37347846352 4133.10650984593 3977.46505017401 4155.40574833091 
4093.2221376213 4038.63777888312 4121.76589567348 4082.69921481184 
4009.80172940244 4117.69336491857 3999.17558851506 3937.1569948567 
4040.07259631473 4017.36564278093 4036.15576588086 4004.93764871106 
4071.34158202259 4033.50244657542 4039.8415069789 3899.80624178825 
4052.29428352142 4111.46868476798
$$ @vis= PVM_DwMaxBval PVM_DwBvalEach PVM_DwGradAmp PVM_DwNDiffExp PVM_DwBMat
##$PVM_DwGradVec=( 210, 3 )
0 0 0 0 0 0 0 0 0 0 0 0 0 0 0 0 0 0 0 0 0 0 0 0 0 0 0 0 0 0 
-0.139801681073622 0.221498738132911 -0.449056500462474 0.202317345099129 
-0.241359605169672 -0.413607512622132 0.23130172594496 -0.10271146843751 
0.454101098280305 -0.0691642264446267 -0.489381986881965 0.161181643895523 
-0.417724595808443 0.157867360135642 -0.266161605596231 0.296545139984265 
-0.42531006953369 -0.0378188621992701 0.284204744816345 -0.197999924918202 
-0.387661752548984 -0.361164095029371 -0.0677272708756213 -0.367738296719885 
0.227090432690755 0.184113838503107 0.429872040827342 0.519684296002812 
0.0131210331935313 0.00374334196709657 0.46826272363515 0.00915110207960569 
0.225619637038993 0.0609144786972432 -0.416808321223006 0.304660780668253 
0.140438982065742 0.490645368229985 -0.099004831113879 0.224119967398515 
-0.0094324576166235 0.468976769776165 0.496063832006887 -0.0792323454089933 
-0.133794064325439 -0.355745100300389 0.144417001087348 0.350495499318165 
-0.313588191766101 0.300127885707763 -0.286083274307572 0.422213537260163 
0.0406232427127203 0.300571826255973 0.487537847382915 -0.162461490686968 
-0.0785560503467991 0.487729530618106 0.00725505641230325 -0.179792132065291 
0.0682741843181066 0.362763296596802 0.366059241149577 0.290085849307334 
0.349833205556861 -0.252437853648261 -0.421360553211376 -0.202981617603046 
-0.226961866280971 -0.350589542925443 -0.350996611458495 -0.155390774401411 
0.034783578377052 0.0267575664969072 -0.518007796218877 0.444375969110903 
0.114287248151826 0.244389780104888 -0.465906372633949 -0.174922125535246 
-0.150304502828074 0.43082161808128 0.290820365766761 -0.00861335487493769 
0.281129713408292 -0.276508111229432 -0.338773213664231 -0.231864709247336 
-0.267399443366432 -0.380781086618096 0.224293502215255 -0.194774613717429 
0.426630069671992 -0.275071248338436 -0.269184848695892 0.349475703308815 
-0.0744464923471565 0.478670296825175 0.188654203100781 0.269819129802782 
-0.0186730873060162 -0.443967222479338 -0.278634721614297 -0.183283488385179 
0.398782893852494 0.345124878137143 0.280354569085475 -0.26934749992678 
0.100514045959349 -0.500265139610943 -0.0994467610735107 0.463389256054057 
-0.235061519347443 -0.0165656611345851 -0.197212349456369 0.316497129603448 
0.362208224378967 0.144123782939025 0.0565314971953418 0.496276602963795 
-0.373184511400734 0.025664256569899 -0.361016077229805 0.141845786295269 
-0.0396160914175952 0.498566224130914 -0.141378891703371 -0.394569982731403 
-0.307545897942329 -0.389220193165018 0.307679621819947 0.155237988850693 
-0.202454502945811 -0.478605344761085 0.0143888789061025 -0.0189169428880899 
-0.299687699717716 0.42436702692688 -0.110268260296786 -0.265508877680717 
0.433132645129564 0.0353746648499816 0.211604601176629 -0.473529373408575 
0.321155068558233 0.397426346976373 -0.0957583536902075 0.391238737871161 
0.328848905400321 -0.0951240718171729 -0.158275990447987 0.490329745618657 
-0.0691620780655033 -0.118729990905308 0.0185746072633226 0.505782675521538 
0.41217256345964 -0.232588400118488 -0.215114750062654 -0.461962038585395 
0.160119488366519 0.176665689890134 -0.226169197031679 -0.0888883356682443 
-0.459569689741678 -0.188351145318437 -0.459295031597932 -0.154369237997 
0.271630719926687 0.0902529748352959 -0.433969001379795 0.298522317545492 
0.0235578800064963 0.42495575516747 0.223081701845821 0.347899861041927 
0.315369913944984 0.0633178245773312 0.289708526305653 0.426986843485473 
0.094321969715261 -0.456092450774374 0.230956671280017 -0.315892483316544 
0.368412214263078 0.186392921000154 0.274277348479253 0.412355171643967 
0.158092030674387 0.302620290617231 -0.162685534174722 0.390143971259476 
0.355133670648258 -0.225413221984847 -0.305494512159206 0.173115527058995 
0.457169892940414 -0.176874658764401 0.413894936073752 -0.278704993220368 
0.145850780867385 -0.347328879611956 -0.121411446971194 0.36725992371201 
-0.0628779959325101 0.511230016145701 -0.0703432289013226 0.414822208113404 
-0.30816345131863 -0.0567077116483868 0.230266127938796 -0.465907137135252 
0.0128837697742048 -0.148321729209849 -0.241690778024237 -0.435711113118917 
0.199215810830685 -0.474450702873497 -0.0739427676720599 -0.196385241064692 
0.0663694237052166 0.476745087360202 -0.496316672392494 0.152985914094646 
-0.0228694649468269 0.11679713448419 -0.211442384413532 -0.460335192096899 
-0.200728497931986 0.437257898984683 -0.196904904780343 -0.245522093405345 
-0.452437060823451 -0.0726467430541859 -0.168211729278613 0.407246539143771 
-0.275885867926587 0.477903558949641 0.204586475526059 -0.00324098876560386 
-0.279651736751087 0.112195384912922 0.423633147156155 -0.484564032094215 
-0.16777444150335 0.0854831984188848 -0.0195301271128394 0.39046372831129 
0.342658127937001 -0.509360438074281 -0.10168784184789 0.0216672235919219 
-0.297224472298693 -0.290952323293336 -0.311869043462253 -0.454484761595529 
-0.239979283066015 -0.0781759989361405 -0.0528108500078927 -0.428803661032624 
-0.289130378963451 0.200873664105526 -0.158074868709041 -0.452680956728386 
0.00568579644329145 0.461941653726238 -0.238402017408747 -0.0475586070090212 
0.43992187418243 0.272882511620416 -0.202475482040787 -0.230930737434493 
0.41944322060727 -0.0278144532629601 0.248830996400444 0.455595690336433 
-0.36692045926981 0.35295173131153 -0.105130364626551 -0.0538489893184052 
0.0713548573451861 -0.512119822224957 -0.429264225792021 0.0590798773908221 
-0.287227669585903 0.103847441265875 0.447813123333488 -0.242769555640577 
0.0589005454707414 0.115575560083983 0.503419265908258 -0.345729903488602 
-0.345029117354708 0.177999111358117 0.448611137208362 0.0178688571067104 
-0.262081462815299 0.332651262990477 0.0326711287913404 -0.398162876480753 
-0.446238825338903 0.238920412949701 0.118515352040092 0.122220947043636 
0.451869497041649 0.226128148137668 0.227362775760766 -0.337648688794248 
0.323353479627127 -0.115580710086144 0.119183358094561 0.492640201610032 
0.0820162419943032 0.349115274894674 -0.376363922975403 0.410154760202906 
0.117626953274679 -0.296976285550378 -0.398556295215898 -0.325258192327933 
-0.0749528485144508 -0.363899470217869 -0.224425925043692 -0.29575009953764 
0.38539076277285 0.140340209310017 0.31943156896786 0.44733913825594 
-0.193032988330941 0.181339191664535 -0.028394061788019 0.518787924087336 
0.0176297677074136 0.351160409856484 -0.213369586889369 0.318461500927777 
0.0221169239233589 -0.364770130062622 0.369745230562009 0.200966633445986 
0.139328528983155 -0.458756923529077 -0.295162381945831 0.397371712788698 
-0.158848455430094 -0.348028428524517 0.0578514640950712 0.38182111344699 
-0.0555614409555602 -0.514152199557112 -0.0530884507460147 0.49489203814312 
0.0910238786393566 -0.130592747628201 0.0285468928598752 -0.163151843085078 
-0.492772252302294 -0.42317388294467 0.298452438729231 -0.0459123974890461 
-0.0555141315150635 -0.0220610785984369 -0.516419821120654 -0.191609643232889 
0.380133892779565 0.29839891054343 -0.121957832640361 -0.177754232491412 
0.473062006001477 -0.453175820411211 -0.186338261841329 0.173688426792534 
0.199670737401965 0.0369261132254136 -0.478566610223181 0.467203930275425 
-0.0945990408891663 0.207435413155836 -0.415503013666779 -0.270316049324012 
-0.15666659102939 0.30698878877517 0.203843185216591 0.366693033803747 
0.361528505622122 0.293351036670017 0.231301211713966 0.0266396301498967 
-0.495133689347184 0.156175866932154 0.152249307405552 0.320933590819267 
0.379578345419583 -0.232019157877896 0.412546383181911 0.215012868764274 
-0.327051800340774 -0.397396102133344 -0.0732898324201263 -0.203666766964363 
-0.408145554872673 0.249389245367655 -0.512448855236366 -0.0103684106736576 
0.086871217673794 0.347816308668568 -0.329802494420593 0.201276108197701 
-0.00807737740977674 0.505664365654531 0.120400360939938 0.0505888905932563 
-0.245021470340565 0.455700762402015 0.444008905742611 0.252328069347225 
-0.0971832221828327 0.289439725045506 0.431652517356796 -0.0125972797940442 
-0.173652590180156 -0.310660006305655 0.378936775780578 -0.115587961060974 
0.295963368612923 0.411464517704923 -0.488524792554049 0.130032337373165 
-0.121214932786275 0.459816029121714 0.104091720977298 -0.21907093513246 
0.210872656039784 0.411394314865603 0.237792729628294 -0.0414179327068578 
-0.413400571700302 0.312477941303447 0.0346444784742238 0.122028581607729 
-0.504149508593573 -0.512651808081765 0.0618299497115012 -0.0601923801012835 
0.372378685178928 -0.119393388514578 0.342545289321728 0.349799017116502 
-0.37257266339259 -0.0953320499620533 -0.274627177994351 0.344603908215834 
0.27583691047849 0.307443065803965 -0.0699803816945569 0.413327290533821 
0.169962583972587 -0.463472281314294 -0.162984987455202 0.120690507809609 
0.081870200063239 -0.498987989133356 -0.0573419709681436 0.16009816742481 
-0.491262065282668 0.267302256411183 0.409385073313061 -0.176667221348604 
-0.485569190579816 -0.0833892254876379 -0.165911843655963 0.463436117331842 
-0.219502317784852 0.0854613320312285 -0.368148985544549 0.367026600689303 
-0.00396742511728907 0.0914725851504875 0.491431157214143 0.142779989908047 
0.132374406736279 -0.363960587150812 0.346796264505749 -0.125372365501984 
0.481124843211048 -0.151850574074212 0.367040175685663 0.368024796938582 
-0.00985900116848575 0.461199410766805 -0.0768290516527484 -0.227267115886962 
-0.232332253606926 0.451363276152118 -0.112030614156314 -0.0617654701154792 
-0.206146559678291 -0.473229927484838 -0.416392372249793 0.15477371839537 
0.270037830792923 -0.0320727672690952 -0.514036290048857 0.0706821883192422 
0.125799718095873 -0.50422401740778 -0.0138026384884997 -0.107657515229822 
-0.508276404759228 0.0179693464728515 -0.406603287650962 -0.200978107006428 
0.254046272573774 0.139110211873838 0.389564763435221 -0.314873920284235 
-0.0264754481916534 0.325311817084932 0.404634667250642 -0.498552437546695 
0.0253077713066931 -0.145130718184757 0.512566168038794 -0.0780008389754152 
-0.0380753743808843 -0.2360688704061 -0.452664728072751 0.0981023649923731 
-0.348562013694767 0.29687928689769 0.246221756254915 0.402434474395029 
0.271543312724208 -0.185926503668107 0.299951389684842 0.123152553162887 
0.406350284986588 0.229578305889266 0.341932687719133 -0.317228277691745 
-0.290738725159076 -0.358712394000426 -0.238860531935365 0.154518032865029 
0.491522242142885 0.069195409034411 0.186420986577731 -0.285738852349683 
0.392247964499956 0.0319874932930261 -0.0696757022292064 -0.514178994538655 
0.388978358871206 -0.249755323967895 0.237857217911591 -0.26527476921768 
0.428747854907838 0.126737979159844 -0.346297744640616 -0.206625494768858 
0.328087973875048 0.411950643644216 -0.066427096900014 -0.31006781456907 
-0.14650069406175 -0.151437849661312 -0.475249477603574 -0.510444612177506 
-0.0498570940014541 -0.0849618132443798 -0.147524823552768 0.13142361680663 
-0.480855696664057 -0.396817891935829 -0.0287912257535348 0.334611069141923 
-0.26315187101554 0.37557551942183 -0.244851105011045 -0.0230846329897716 
-0.47523924678873 -0.209458109569658 0.0923453982287428 -0.30986608222771 
0.407078960576338 0.109833586998094 -0.372944692563034 -0.345118502965695 
0.136291063964835 -0.433779853013139 -0.252027233917923 -0.49589310657421 
-0.140877815942317 -0.0670925440014688 0.306536490360376 -0.41551650950179 
0.0603270423780105 0.272977070200216 -0.254725725986004 0.361740604990504
##$PVM_DwGradRead=( 210 )
0 0 0 0 0 0 0 0 0 0 -0.139801681073622 0.202317345099129 0.23130172594496 
-0.0691642264446267 -0.417724595808443 0.296545139984265 0.284204744816345 
-0.361164095029371 0.227090432690755 0.519684296002812 0.46826272363515 
0.0609144786972432 0.140438982065742 0.224119967398515 0.496063832006887 
-0.355745100300389 -0.313588191766101 0.422213537260163 0.487537847382915 
0.487729530618106 0.0682741843181066 0.290085849307334 -0.421360553211376 
-0.350589542925443 0.034783578377052 0.444375969110903 -0.465906372633949 
0.43082161808128 0.281129713408292 -0.231864709247336 0.224293502215255 
-0.275071248338436 -0.0744464923471565 0.269819129802782 -0.278634721614297 
0.345124878137143 0.100514045959349 0.463389256054057 -0.197212349456369 
0.144123782939025 -0.373184511400734 0.141845786295269 -0.141378891703371 
-0.389220193165018 -0.202454502945811 -0.0189169428880899 -0.110268260296786 
0.0353746648499816 0.321155068558233 0.391238737871161 -0.158275990447987 
-0.118729990905308 0.41217256345964 -0.461962038585395 -0.226169197031679 
-0.188351145318437 0.271630719926687 0.298522317545492 0.223081701845821 
0.0633178245773312 0.094321969715261 -0.315892483316544 0.274277348479253 
0.302620290617231 0.355133670648258 0.173115527058995 0.413894936073752 
-0.347328879611956 -0.0628779959325101 0.414822208113404 0.230266127938796 
-0.148321729209849 0.199215810830685 -0.196385241064692 -0.496316672392494 
0.11679713448419 -0.200728497931986 -0.245522093405345 -0.168211729278613 
0.477903558949641 -0.279651736751087 -0.484564032094215 -0.0195301271128394 
-0.509360438074281 -0.297224472298693 -0.454484761595529 -0.0528108500078927 
0.200873664105526 0.00568579644329145 -0.0475586070090212 -0.202475482040787 
-0.0278144532629601 -0.36692045926981 -0.0538489893184052 -0.429264225792021 
0.103847441265875 0.0589005454707414 -0.345729903488602 0.448611137208362 
0.332651262990477 -0.446238825338903 0.122220947043636 0.227362775760766 
-0.115580710086144 0.0820162419943032 0.410154760202906 -0.398556295215898 
-0.363899470217869 0.38539076277285 0.44733913825594 -0.028394061788019 
0.351160409856484 0.0221169239233589 0.200966633445986 -0.295162381945831 
-0.348028428524517 -0.0555614409555602 0.49489203814312 0.0285468928598752 
-0.42317388294467 -0.0555141315150635 -0.191609643232889 -0.121957832640361 
-0.453175820411211 0.199670737401965 0.467203930275425 -0.415503013666779 
0.30698878877517 0.361528505622122 0.0266396301498967 0.152249307405552 
-0.232019157877896 -0.327051800340774 -0.203666766964363 -0.512448855236366 
0.347816308668568 -0.00807737740977674 0.0505888905932563 0.444008905742611 
0.289439725045506 -0.173652590180156 -0.115587961060974 -0.488524792554049 
0.459816029121714 0.210872656039784 -0.0414179327068578 0.0346444784742238 
-0.512651808081765 0.372378685178928 0.349799017116502 -0.274627177994351 
0.307443065803965 0.169962583972587 0.120690507809609 -0.0573419709681436 
0.267302256411183 -0.485569190579816 0.463436117331842 -0.368148985544549 
0.0914725851504875 0.132374406736279 -0.125372365501984 0.367040175685663 
0.461199410766805 -0.232332253606926 -0.0617654701154792 -0.416392372249793 
-0.0320727672690952 0.125799718095873 -0.107657515229822 -0.406603287650962 
0.139110211873838 -0.0264754481916534 -0.498552437546695 0.512566168038794 
-0.2360688704061 -0.348562013694767 0.402434474395029 0.299951389684842 
0.229578305889266 -0.290738725159076 0.154518032865029 0.186420986577731 
0.0319874932930261 0.388978358871206 -0.26527476921768 -0.346297744640616 
0.411950643644216 -0.14650069406175 -0.510444612177506 -0.147524823552768 
-0.396817891935829 -0.26315187101554 -0.0230846329897716 0.0923453982287428 
0.109833586998094 0.136291063964835 -0.49589310657421 0.306536490360376 
0.272977070200216
##$PVM_DwGradPhase=( 210 )
0 0 0 0 0 0 0 0 0 0 0.221498738132911 -0.241359605169672 -0.10271146843751 
-0.489381986881965 0.157867360135642 -0.42531006953369 -0.197999924918202 
-0.0677272708756213 0.184113838503107 0.0131210331935313 0.00915110207960569 
-0.416808321223006 0.490645368229985 -0.0094324576166235 -0.0792323454089933 
0.144417001087348 0.300127885707763 0.0406232427127203 -0.162461490686968 
0.00725505641230325 0.362763296596802 0.349833205556861 -0.202981617603046 
-0.350996611458495 0.0267575664969072 0.114287248151826 -0.174922125535246 
0.290820365766761 -0.276508111229432 -0.267399443366432 -0.194774613717429 
-0.269184848695892 0.478670296825175 -0.0186730873060162 -0.183283488385179 
0.280354569085475 -0.500265139610943 -0.235061519347443 0.316497129603448 
0.0565314971953418 0.025664256569899 -0.0396160914175952 -0.394569982731403 
0.307679621819947 -0.478605344761085 -0.299687699717716 -0.265508877680717 
0.211604601176629 0.397426346976373 0.328848905400321 0.490329745618657 
0.0185746072633226 -0.232588400118488 0.160119488366519 -0.0888883356682443 
-0.459295031597932 0.0902529748352959 0.0235578800064963 0.347899861041927 
0.289708526305653 -0.456092450774374 0.368412214263078 0.412355171643967 
-0.162685534174722 -0.225413221984847 0.457169892940414 -0.278704993220368 
-0.121411446971194 0.511230016145701 -0.30816345131863 -0.465907137135252 
-0.241690778024237 -0.474450702873497 0.0663694237052166 0.152985914094646 
-0.211442384413532 0.437257898984683 -0.452437060823451 0.407246539143771 
0.204586475526059 0.112195384912922 -0.16777444150335 0.39046372831129 
-0.10168784184789 -0.290952323293336 -0.239979283066015 -0.428803661032624 
-0.158074868709041 0.461941653726238 0.43992187418243 -0.230930737434493 
0.248830996400444 0.35295173131153 0.0713548573451861 0.0590798773908221 
0.447813123333488 0.115575560083983 -0.345029117354708 0.0178688571067104 
0.0326711287913404 0.238920412949701 0.451869497041649 -0.337648688794248 
0.119183358094561 0.349115274894674 0.117626953274679 -0.325258192327933 
-0.224425925043692 0.140340209310017 -0.193032988330941 0.518787924087336 
-0.213369586889369 -0.364770130062622 0.139328528983155 0.397371712788698 
0.0578514640950712 -0.514152199557112 0.0910238786393566 -0.163151843085078 
0.298452438729231 -0.0220610785984369 0.380133892779565 -0.177754232491412 
-0.186338261841329 0.0369261132254136 -0.0945990408891663 -0.270316049324012 
0.203843185216591 0.293351036670017 -0.495133689347184 0.320933590819267 
0.412546383181911 -0.397396102133344 -0.408145554872673 -0.0103684106736576 
-0.329802494420593 0.505664365654531 -0.245021470340565 0.252328069347225 
0.431652517356796 -0.310660006305655 0.295963368612923 0.130032337373165 
0.104091720977298 0.411394314865603 -0.413400571700302 0.122028581607729 
0.0618299497115012 -0.119393388514578 -0.37257266339259 0.344603908215834 
-0.0699803816945569 -0.463472281314294 0.081870200063239 0.16009816742481 
0.409385073313061 -0.0833892254876379 -0.219502317784852 0.367026600689303 
0.491431157214143 -0.363960587150812 0.481124843211048 0.368024796938582 
-0.0768290516527484 0.451363276152118 -0.206146559678291 0.15477371839537 
-0.514036290048857 -0.50422401740778 -0.508276404759228 -0.200978107006428 
0.389564763435221 0.325311817084932 0.0253077713066931 -0.0780008389754152 
-0.452664728072751 0.29687928689769 0.271543312724208 0.123152553162887 
0.341932687719133 -0.358712394000426 0.491522242142885 -0.285738852349683 
-0.0696757022292064 -0.249755323967895 0.428747854907838 -0.206625494768858 
-0.066427096900014 -0.151437849661312 -0.0498570940014541 0.13142361680663 
-0.0287912257535348 0.37557551942183 -0.47523924678873 -0.30986608222771 
-0.372944692563034 -0.433779853013139 -0.140877815942317 -0.41551650950179 
-0.254725725986004
##$PVM_DwGradSlice=( 210 )
0 0 0 0 0 0 0 0 0 0 -0.449056500462474 -0.413607512622132 0.454101098280305 
0.161181643895523 -0.266161605596231 -0.0378188621992701 -0.387661752548984 
-0.367738296719885 0.429872040827342 0.00374334196709657 0.225619637038993 
0.304660780668253 -0.099004831113879 0.468976769776165 -0.133794064325439 
0.350495499318165 -0.286083274307572 0.300571826255973 -0.0785560503467991 
-0.179792132065291 0.366059241149577 -0.252437853648261 -0.226961866280971 
-0.155390774401411 -0.518007796218877 0.244389780104888 -0.150304502828074 
-0.00861335487493769 -0.338773213664231 -0.380781086618096 0.426630069671992 
0.349475703308815 0.188654203100781 -0.443967222479338 0.398782893852494 
-0.26934749992678 -0.0994467610735107 -0.0165656611345851 0.362208224378967 
0.496276602963795 -0.361016077229805 0.498566224130914 -0.307545897942329 
0.155237988850693 0.0143888789061025 0.42436702692688 0.433132645129564 
-0.473529373408575 -0.0957583536902075 -0.0951240718171729 
-0.0691620780655033 0.505782675521538 -0.215114750062654 0.176665689890134 
-0.459569689741678 -0.154369237997 -0.433969001379795 0.42495575516747 
0.315369913944984 0.426986843485473 0.230956671280017 0.186392921000154 
0.158092030674387 0.390143971259476 -0.305494512159206 -0.176874658764401 
0.145850780867385 0.36725992371201 -0.0703432289013226 -0.0567077116483868 
0.0128837697742048 -0.435711113118917 -0.0739427676720599 0.476745087360202 
-0.0228694649468269 -0.460335192096899 -0.196904904780343 -0.0726467430541859 
-0.275885867926587 -0.00324098876560386 0.423633147156155 0.0854831984188848 
0.342658127937001 0.0216672235919219 -0.311869043462253 -0.0781759989361405 
-0.289130378963451 -0.452680956728386 -0.238402017408747 0.272882511620416 
0.41944322060727 0.455595690336433 -0.105130364626551 -0.512119822224957 
-0.287227669585903 -0.242769555640577 0.503419265908258 0.177999111358117 
-0.262081462815299 -0.398162876480753 0.118515352040092 0.226128148137668 
0.323353479627127 0.492640201610032 -0.376363922975403 -0.296976285550378 
-0.0749528485144508 -0.29575009953764 0.31943156896786 0.181339191664535 
0.0176297677074136 0.318461500927777 0.369745230562009 -0.458756923529077 
-0.158848455430094 0.38182111344699 -0.0530884507460147 -0.130592747628201 
-0.492772252302294 -0.0459123974890461 -0.516419821120654 0.29839891054343 
0.473062006001477 0.173688426792534 -0.478566610223181 0.207435413155836 
-0.15666659102939 0.366693033803747 0.231301211713966 0.156175866932154 
0.379578345419583 0.215012868764274 -0.0732898324201263 0.249389245367655 
0.086871217673794 0.201276108197701 0.120400360939938 0.455700762402015 
-0.0971832221828327 -0.0125972797940442 0.378936775780578 0.411464517704923 
-0.121214932786275 -0.21907093513246 0.237792729628294 0.312477941303447 
-0.504149508593573 -0.0601923801012835 0.342545289321728 -0.0953320499620533 
0.27583691047849 0.413327290533821 -0.162984987455202 -0.498987989133356 
-0.491262065282668 -0.176667221348604 -0.165911843655963 0.0854613320312285 
-0.00396742511728907 0.142779989908047 0.346796264505749 -0.151850574074212 
-0.00985900116848575 -0.227267115886962 -0.112030614156314 -0.473229927484838 
0.270037830792923 0.0706821883192422 -0.0138026384884997 0.0179693464728515 
0.254046272573774 -0.314873920284235 0.404634667250642 -0.145130718184757 
-0.0380753743808843 0.0981023649923731 0.246221756254915 -0.185926503668107 
0.406350284986588 -0.317228277691745 -0.238860531935365 0.069195409034411 
0.392247964499956 -0.514178994538655 0.237857217911591 0.126737979159844 
0.328087973875048 -0.31006781456907 -0.475249477603574 -0.0849618132443798 
-0.480855696664057 0.334611069141923 -0.244851105011045 -0.209458109569658 
0.407078960576338 -0.345118502965695 -0.252027233917923 -0.0670925440014688 
0.0603270423780105 0.361740604990504
$$ @vis= PVM_DwEffBval PVM_DwGradVec PVM_DwGradRead PVM_DwGradPhase
##$PVM_DwSpDir=( 210, 3 )
0.2 0.2 0.2 0.2 0.2 0.2 0.2 0.2 0.2 0.2 0.2 0.2 0.2 0.2 0.2 0.2 0.2 0.2 0.2 
0.2 0.2 0.2 0.2 0.2 0.2 0.2 0.2 0.2 0.2 0.2 0.2 0 0.899008405368111 
0.502816789137802 0 0.2 0 0.2 0.2 0 0.414241452517206 0.545821132223134 0.2 0 
0 0 0 0.2 0.353941889124147 0 0.2 0.2 0 0 0.2 0.2 0.2 0.2 0.2 0.2 
0.598664907554352 0.2 0.2 0 0.2 0.2 0.2 0.2 0.2 0 0.2 0.2 0.303281263801765 0 
0.2 0.22006475778524 0.2 0 0.2 0 0 0.600244383925215 0.2 0.2 
0.794261482374036 0.878949936022257 0.2 0.2 0 0.2 0.2 0.2 0.2 0.2 
0.678397731440445 0.2 0.690822490146176 0 0 0 0 0 0.2 0 0.2 0.2 0.2 0.2 
0.71144008762189 0 0 0.2 0.2 0.2 0.81078909164348 0 0.2 0.686797308738103 0 0 
0 0.2 0.2 0 0.2 0 0.2 0.2 0.572232461735783 0.2 0 0.2 0 0.2 0 0.2 
0.891962118959952 0.2 0 0 0.2 0 0.735473120970319 0.2 0.2 0.2 0 0 0.2 0.2 0.2 
0 0 0 0.2 0.2 0 0 0 0.2 0.2 0 0 0 0 0 0.2 0.29458471444045 0 0.2 
0.751341301483929 0.2 0 0.2 0.2 0.2 0.2 0.2 0.2 0.2 0.2 0.2 0 0 0.2 
0.793649954526538 0.850233610595686 0 0.2 0.2 0.2 0 0.2 0 0 0 0 0 0.2 0 0.2 0 
0.2 0.2 0.2 0.2 0.2 0.2 0.2 0.2 0 0.2 0.2 0.2 0.2 0 0.2 0.2 0.2 0 0.2 0.2 
0.640638746930784 0 0.2 0.2 0.2 0.2 0 0.2 0.2 0 0.2 0 0.2 0.2 
0.514389979662551 0 0 0.2 0 0 0.2 0.461158196408674 0 0 0 0 0.2 
0.825928846722381 0.2 0 0.2 0.2 0 0.273832259934322 0 0.2 0.2 
0.252008241038812 0 0 0 0 0.2 0.674151903061826 0 0.2 0.2 0.2 
0.511251306532388 0.2 0 0 0.2 0 0.2 0.2 0.297650635564197 0.710351053416938 
0.298939103608307 0 0 0 0 0 0 0 0 0 0.464054250039463 0.2 0 0.2 0.2 
0.394776152204753 0.2 0.2 0.2 0.437793035045106 0 0.2 0 0.2 0.2 
0.339072266314801 0.2 0.2 0 0.2 0 0.469244946592026 0.2 0 0 0.2 
0.442480136026216 0.2 0.651568569368928 0.2 0.2 0 0.2 0 0.2 0 0.2 0.2 0 0.2 
0.2 0.2 0 0.2 0.2 0.2 0 0.2 0.2 0.613905011687338 0.2 0.77790355043072 0.2 0 
0.2 0.2 0 0.2 0 0 0 0.655131915500576 0 0 0.2 0.2 0.2 0 0.2 0.2 0.2 0.2 
0.341970308940095 0 0.2 0.2 0 0.2 0.2 0.2 0 0.2 0.2 0.2 0 0.679684205296654 
0.2 0 0 0 0.477807204777801 0.2 0.623226975986112 0.2 0.2 0 0.2 0.2 0.2 0 0.2 
0 0.477570657575317 0.2 0.2 0 0 0.2 0.809789163201802 0 0.2 0 0.2 0 0.2 0 0.2 
0.2 0 0 0 0.2 0.2 0.2 0.2 0.2 0.2 0 0.448517508442465 0.2 0.2 0.2 0.2 0.2 0.2 
0 0 0 0 0 0.2 0 0.417437306313044 0.2 0 0 0.2 0.2 0.2 0.2 0.240386887048884 0 
0.2 0.2 0.2 0.2 0.2 0.2 0.2 0.2 0 0.2 0 0.2 0.2 0.777939805304872 0.2 
0.503856260093815 0 0.2 0 0.2 0.2 0.2 0.2 0 0.2 0.407089663534289 0.2 0 0.2 
0.2 0.356242459994378 0 0 0.2 0.2 0 0 0.2 0.2 0.2 0 0 0.2 0.2 0 0 0.2 0.2 0 
0.2 0.2 0 0.486709854840718 0.2 0.213317715075349 0.2 0.2596663244279 0 0 0 
0.235494087084152 0.2 0.2 0.2 0 0.2 0.2 0.2 0 0.2 0.2 0.2 0.2 
0.826861827509922 0.2 0.2 0.2 0.2 0 0.2 0.2 0.2 0 0.224266225526711 0 
0.508827350577396 0.2 0.2 0 0 0.878933411473639 0.360363836345476 0 0 0.2 0 0 
0.73828757614911 0 0.2 0 0.2 0.888139461052671 0.2 0.2 0.2 0.332377240958267 
0.2 0.818524982159474 0 0.484614584253687 0.527629613752984 0.2 0 
0.632832484582571 0 0.2 0.2 0 0.2 0.525229119987449 0.2 0.427055912566254 0.2 
0.2 0.2 0 0.2 0 0 0 0.2 0.2 0.2 0 0.2 0.2 0.2 0 0.2 0 0.2 0.2 0.2 0.2 0 0 0.2 
0 0.2 0 0.2 0.2 0 0 0.263482359199508 0.688442400259777 0 0.2 0 0 0 0.2 0 0.2 
0.593187919996117 0 0 0 0.315423164948858 0 0.2 0.2 0 0 0.2 0 0 0.2 
0.717317839438861 0.784021801930346 0 0 0.734119496800845 0.2 0 0.2 0.2
##$PVM_DwPerSep=( 1 )
3.52
##$PVM_DwMinPerSep=( 1 )
3.52
##$PVM_DwModDur=23.138
##$PVM_DwModEchDel=23.138
$$ @vis= PVM_DwGradSlice PVM_DwSpDir PVM_DwPerSep PVM_DwMinPerSep PVM_DwModDur
##$PVM_DwEffGradTraj=( 6 )
(1.002, 0.123, 0.123, 5, 51.9684296002812, PAT_KS, 0 0 1) (14.615, 0.123, 
0.123, 1, 20, RPS_KS, 0 0 1) (15.492, 0.123, 0, 0.75, 44.503852315918, RPS_KS,
 0 0 1) (16.242, 0, 0.123, 0.75, -44.503852315918, RPS_KS, 0 0 1) (16.869, 
0.123, 0.123, 1, -20, RPS_KS, 0 0 1) (18.002, 0.123, 0.123, 5, 
-51.9684296002812, PAT_KS, 0 0 1)
##$PVM_EncUseMultiRec=No
##$PVM_EncActReceivers=( 1 )
On
##$PVM_EncZfRead=1
##$PVM_EncPpiAccel1=1
$$ @vis= PVM_DwModEchDel DiffOutput Diffusion PVM_EncUseMultiRec PVM_EncZfRead
##$PVM_EncPftAccel1=1
##$PVM_EncZfAccel1=1
##$PVM_EncOrder1=LINEAR_ENC
##$PVM_EncStart1=-1
##$PVM_EncMatrix=( 2 )
100 68
$$ @vis= PVM_EncPpiAccel1 PVM_EncPftAccel1 PVM_EncZfAccel1 PVM_EncOrder1
##$PVM_EncSteps1=( 68 )
-34 -30 -26 -22 -18 -14 -10 -6 -2 2 6 10 14 18 22 26 30 -33 -29 -25 -21 -17 
-13 -9 -5 -1 3 7 11 15 19 23 27 31 -32 -28 -24 -20 -16 -12 -8 -4 0 4 8 12 16 
20 24 28 32 -31 -27 -23 -19 -15 -11 -7 -3 1 5 9 13 17 21 25 29 33
##$PVM_EncCentralStep1=9
##$PVM_EncTotalAccel=1.02941176470588
##$PVM_EncNReceivers=1
$$ @vis= PVM_EncMatrix PVM_EncSteps1 PVM_EncCentralStep1 PVM_EncTotalAccel
##$PVM_EncAvailReceivers=4
##$PVM_EncChanScaling=( 1 )
1
##$PVM_OperationMode=( 64 )
<[1H] TX/RX Volume>
$$ @vis= PVM_EncNReceivers PVM_EncAvailReceivers PVM_EncChanScaling
##$PVM_EpiNavigatorMode=No_navigators
##$PVM_EpiPrefixNavYes=Yes
##$PVM_EpiCombine=No
$$ @vis= PVM_OperationMode Encoding_Output Encoding PVM_EpiPrefixNavYes
##$PVM_EpiGradSync=No
##$PVM_EpiRampMode=UserSlope
##$PVM_EpiRampForm=Line
##$PVM_EpiRampComp=No
$$ @vis= PVM_EpiCombine PVM_EpiGradSync PVM_EpiRampMode PVM_EpiRampForm
##$PVM_EpiNShots=4
##$PVM_EpiEchoPosition=47.0588235294118
##$PVM_EpiRampTime=0.05
##$PVM_EpiSlope=90
$$ @vis= PVM_EpiRampComp PVM_EpiNShots PVM_EpiEchoPosition PVM_EpiRampTime
##$PVM_EpiEffSlope=38.1089796356023
##$PVM_EpiBlipTime=0.1
##$PVM_EpiEchoDelay=10.866
##$PVM_EpiModuleTime=19.932
$$ @vis= PVM_EpiSlope PVM_EpiEffSlope PVM_EpiBlipTime PVM_EpiEchoDelay
##$PVM_EpiGradDwellTime=10
##$PVM_EpiAutoGhost=Yes
##$PVM_EpiMaxOrder=1
$$ @vis= PVM_EpiModuleTime PVM_EpiGradDwellTime PVM_EpiAutoGhost
##$PVM_EpiDoubleShotAdj=In_Multishot
##$PVM_EpiAcqDelayTrim=0
##$PVM_EpiBlipsOff=No
$$ @vis= PVM_EpiMaxOrder PVM_EpiDoubleShotAdj PVM_EpiAcqDelayTrim
##$PVM_EpiBlipAsym=0
##$PVM_EpiReadAsym=0
##$PVM_EpiReadDephTrim=100
##$PVM_EpiEchoTimeShifting=Yes
$$ @vis= PVM_EpiBlipsOff PVM_EpiBlipAsym PVM_EpiReadAsym PVM_EpiReadDephTrim
##$PVM_EpiEchoShiftA=( 4 )
0.001 0.211 0.421 0.631
##$PVM_EpiEchoShiftB=( 4 )
0.839 0.629 0.419 0.209
##$PVM_EpiDriftCorr=No
$$ @vis= PVM_EpiEchoTimeShifting PVM_EpiEchoShiftA PVM_EpiEchoShiftB
##$PVM_EpiGrappaSegAdj=Yes
##$PVM_EpiGrappaThresh=0.05
$$ @vis= PVM_EpiDriftCorr PVM_EpiGrappaSegAdj PVM_EpiGrappaThresh
##$PVM_EpiEchoSpacing=0.84
##$PVM_EpiEffBandwidth=4761.90476190476
##$PVM_EpiDephaseTime=1.506
$$ @vis= EPI_Corrections PVM_EpiEchoSpacing PVM_EpiEffBandwidth
##$PVM_EpiDephaseRampTime=0.123
##$PVM_EpiPlateau=0.74
##$PVM_EpiAcqDelay=1.556
$$ @vis= PVM_EpiDephaseTime PVM_EpiDephaseRampTime PVM_EpiPlateau
##$PVM_EpiInterTime=0.05
##$PVM_EpiSwitchTime=0.1
##$PVM_EpiReadDephGrad=-0.0442452984735167
$$ @vis= PVM_EpiAcqDelay PVM_EpiInterTime PVM_EpiSwitchTime
##$PVM_EpiReadOddGrad=-0.154914551364237
##$PVM_EpiReadEvenGrad=0.154914551364237
##$PVM_EpiPhaseDephGrad=-0.0404829655727903
$$ @vis= PVM_EpiReadDephGrad PVM_EpiReadOddGrad PVM_EpiReadEvenGrad
##$PVM_EpiPhaseRephGrad=-0.0455433362693891
##$PVM_EpiBlipOddGrad=0.148717969309668
##$PVM_EpiBlipEvenGrad=0.148717969309668
$$ @vis= PVM_EpiPhaseDephGrad PVM_EpiPhaseRephGrad PVM_EpiBlipOddGrad
##$PVM_EpiPhaseEncGrad=0.148717969309668
##$PVM_EpiPhaseRewGrad=-0.148717969309668
##$PVM_EpiNEchoes=17
$$ @vis= PVM_EpiBlipEvenGrad PVM_EpiPhaseEncGrad PVM_EpiPhaseRewGrad
##$PVM_EpiEchoCounter=8
##$PVM_EpiRampUpIntegral=0.5
##$PVM_EpiRampDownIntegral=0.5
$$ @vis= PVM_EpiNEchoes PVM_EpiEchoCounter PVM_EpiRampUpIntegral
##$PVM_EpiBlipIntegral=0.5
##$PVM_EpiSlopeFactor=1
##$PVM_EpiSlewRate=2328.78754005515
$$ @vis= PVM_EpiRampDownIntegral PVM_EpiBlipIntegral PVM_EpiSlopeFactor
##$PVM_EpiNSamplesPerScan=2086
##$PVM_EpiPrefixNavDur=1.68
##$PVM_EpiPrefixNavSize=200
$$ @vis= PVM_EpiSlewRate PVM_EpiNSamplesPerScan PVM_EpiPrefixNavDur
##$PVM_EpiNScans=200
##$PVM_EpiNInitNav=0
##$PVM_EpiAdjustMode=0
##$PVM_EpiReadCenter=49
$$ @vis= PVM_EpiPrefixNavSize PVM_EpiNScans PVM_EpiNInitNav PVM_EpiAdjustMode
##$PVM_EpiPhaseCorrection=( 1, 100 )
3.04603619450398 0.216505080796945 -0.0838445483336944 0.146461201726083 
-2.82310901700729 0.0499423580880747 0.33302130790864 -0.00956161514018078 
0.444032639573321 -0.00651447126346132 0.499268402758735 -0.0045912479484924 
0.353131793403831 -0.0076778355554734 0.53733368291409 -0.00722159393038924 
0.366474667545834 -0.00751914424184072 0.517604380483323 -0.00746358425538151 
0.411131818977816 -0.00881139524525438 0.393067728265645 -0.00888286748089063 
0.38516167400113 -0.00880936693336082 0.601513859831653 -0.00912056460028301 
0.402286431950458 -0.00961283341300776 0.455638057553389 -0.00955450994508308 
0.530105368896195 -0.00888099272993271 0.660894278186821 -0.00848399132045324 
0.73645962548304 -0.0100809696674054 0.632042420803985 -0.01022362344561 
0.527817766456255 -0.0108931953876609 0.396534838950689 -0.0110542273530538 
0.641221552950495 -0.00929129293789241 0.679741923581546 -0.00336176135341447 
2.30056765361152 0.0410112053279045 -2.21198212006727 -0.189033519311549 
-2.56772587915127 0.0937602858339074 0.46940719490094 -0.014644317081395 
0.396509627672112 -0.00805559867701961 0.511223730625527 -0.0045658344875751 
0.457716060114095 -0.00540732399050237 0.419575749112155 -0.00752474474243921 
0.422582324235922 -0.00777545270692453 0.408817847022365 -0.00714116660591247 
0.442728564407055 -0.00823320727695178 0.609491851093637 -0.00846936442277321 
0.578714405887105 -0.00894053200033654 0.501553139763466 -0.00896419742614246 
0.489142207468468 -0.00933120075997937 0.422402920731195 -0.00971034268989693 
0.404779918402734 -0.00886506440609109 0.479982043640134 -0.00702684740592874 
0.436172405293756 -0.00997556257446623 0.584067390010624 -0.0105459133227198 
0.723153174867543 -0.0105597625681438 0.693348990683487 -0.00957861828268375 
0.470590885958622 -0.00959652228552894 0.443953366639813 -0.00921004166877903 
0.479797090273225 -0.0125988804325147 1.83280040413969 0.21473391161582
##$PVM_EpiGrappaCoefficients=( 1 )
0
$$ @vis= PVM_EpiReadCenter PVM_EpiPhaseCorrection PVM_EpiGrappaCoefficients
##$PVM_EpiTrajAdjYesNo=Yes
##$PVM_EpiTrajAdjAutomatic=Yes
##$PVM_EpiTrajAdjMeasured=Yes
$$ @vis= EPI_Details PVM_EpiTrajAdjYesNo PVM_EpiTrajAdjAutomatic
##$PVM_EpiTrajAdjkx=( 100 )
0 0.0447513504909892 0.289982643361426 0.771901796641784 1.48355199382011 
2.30759564020272 3.23384213766899 4.24409013890752 5.31240985443366 
6.40345547831436 7.49227036395628 8.5907219322417 9.69575616069702 
10.7676945612586 11.8189447433984 12.8875096508244 13.9384190571167 
14.9535235219436 15.9787098711866 17.0100021417887 18.0299612217382 
19.0263455220263 20.0372703030302 21.0602300954423 22.0576144957815 
23.0751202618794 24.0818100214849 25.0628856881487 26.0762717188688 
27.0793415626336 28.0873539683016 29.0590266179257 30.0672693159505 
31.066510407207 32.0774020036866 33.0611009388969 34.0499157923173 
35.0607639520538 36.0596316712144 37.0523086096867 38.0589478713797 
39.064005218268 40.0512318142502 41.0533453572285 42.0489169922992 
43.0601553433366 44.0454271958194 45.0535778356588 46.0535810417782 
47.0519996993927 48.0415525749424 49.0198445450475 50.0308365326311 
51.0269577759305 52.0460922833651 53.0179833077646 54.0212422125766 
55.0227690345129 56.0183066801907 57.0151121540713 58.0152119994819 
59.0242252874105 60.0165661252995 61.0252444223712 61.995043334451 
63.0176750212781 64.0051534199078 64.9984309141436 66.0274102260352 
66.9944727134563 68.0044053810814 69.0058460833466 70.0153903644853 
71.0071639585813 72.0154687218334 72.9987409871407 74.0176922359729 
75.001026420149 76.0195028284314 77.0322558261771 78.0095454596804 
79.02186886352 80.0012643903483 81.0225170164315 82.025202035072 
83.0254701511595 84.0176273142174 85.0391348708425 86.023604911907 
87.0286440448538 88.0409514034454 89.0162128195168 90.0217052485626 
90.9538031040384 91.8113770401395 92.5892869472617 93.200649396853 
93.6721490905634 94.0035843086686 94.1527352793309
##$PVM_EpiTrajAdjb0=( 100 )
0 -0.0301436694098347 -0.0793108289167771 -0.130633724154059 
-0.194680408231306 -0.246415689537895 -0.304666471903501 -0.351298549334358 
-0.402733310312116 -0.423969161381434 -0.454087731908269 -0.474792354879023 
-0.462159522022196 -0.491419927680649 -0.502304861661913 -0.505375625534218 
-0.498063138085954 -0.518882324616337 -0.531200417493138 -0.517338916561106 
-0.518095188058972 -0.535125162821382 -0.539556951830906 -0.532722287880395 
-0.547482633822116 -0.544318624424277 -0.530915708771794 -0.561755808841843 
-0.559035897670914 -0.553400029674582 -0.560974544421255 -0.569838695288852 
-0.581718787453517 -0.581129514609313 -0.576654569560679 -0.585113992863917 
-0.599206296355532 -0.596908330533239 -0.587282815513593 -0.599113532296646 
-0.606265307072842 -0.603467482216785 -0.603115045264299 -0.606537403406631 
-0.59974140823162 -0.589191431880788 -0.60185689126505 -0.588968918363646 
-0.587346084788675 -0.589526830288966 -0.590051990011066 -0.604206537719351 
-0.593604192892645 -0.605695928821334 -0.574882853121289 -0.599795441876408 
-0.589727801494486 -0.59200873265562 -0.585512010960484 -0.586969320624904 
-0.588848272431724 -0.575505607917196 -0.57848612321766 -0.573870685931183 
-0.578392116698972 -0.567839937935647 -0.577797968071128 -0.570019775511445 
-0.5473689322158 -0.567587273171991 -0.563852046579348 -0.557645227346581 
-0.54962836029515 -0.552462230862418 -0.549863461635598 -0.554435230834361 
-0.536278752925638 -0.550241588073887 -0.537712760878379 -0.532280876240989 
-0.541434037254568 -0.528533156297336 -0.543203082798074 -0.528633465252295 
-0.524451276964087 -0.529651307519055 -0.526047275621642 -0.5216033095648 
-0.525990955043852 -0.532703564379365 -0.510379180841977 -0.531465153595772 
-0.508968629217754 -0.510654160067596 -0.502367683010011 -0.478689734734563 
-0.453730709259891 -0.411246386331665 -0.34838061960536 -0.314439678832536
##$PVM_EpiTrajAdjReadvec=( 3 )
5.63628046131098e-17 2.39245911292076e-17 1
##$PVM_EpiTrajAdjFov0=24
##$PVM_EpiTrajAdjMatrix0=100
##$PVM_EpiTrajAdjBw=119047.619047619
##$PVM_EpiTrajAdjComp=No
##$PVM_EpiTrajAdjRampform=Line
##$PVM_EpiTrajAdjRampmode=UserSlope
##$PVM_EpiTrajAdjRamptime=0.05
##$PVM_EpiTrajAdjDistRatio=0.25
$$ @vis= PVM_EpiTrajAdjMeasured PVM_EpiTrajAdjkx PVM_EpiTrajAdjb0
##$BwScale=100
##$ExcPulseEnum=hermite
##$ExcPulse=(1, 5400, 90, 16.380525453348, 100, 0, 100, LIB_EXCITATION, <
hermite.exc>, 5400, 0.1794, 50, 0.1024, conventional)
##$PVM_GradCalConst=32019.7
$$ @vis= EPI_Trajectory EPI_Parameters BwScale ExcPulseEnum ExcPulse RF_Pulses
##$PVM_Nucleus1Enum=1H
##$PVM_Nucleus1=( 8 )
<1H>
##$PVM_RefAttMod1=AutoAdj
##$PVM_RefAttCh1=31.3040766791865
$$ @vis= PVM_GradCalConst PVM_Nucleus1Enum PVM_Nucleus1 PVM_RefAttMod1
##$PVM_RefAttStat1=( 1024 )
<Adj by AdjRefG (protocol ADJ_REFG)>
##$PVM_Nucleus2Enum=1H
##$PVM_Nucleus2=( 8 )
<>
##$PVM_Nucleus3Enum=1H
##$PVM_Nucleus4Enum=1H
##$PVM_Nucleus5Enum=1H
##$PVM_Nucleus6Enum=1H
##$PVM_Nucleus7Enum=1H
##$PVM_Nucleus8Enum=1H
##$ShowAllPars=No
##$MinPrepRepTime=250
##$GradStabTime=0
$$ @vis= PVM_RefAttCh1 PVM_RefAttStat1 Nuclei ShowAllPars MinPrepRepTime
##$Phase3DGradDur=1
##$ExcSliceRephTime=1
##$PVM_DigAutSet=Yes
$$ @vis= GradStabTime Phase3DGradDur ExcSliceRephTime SliceSelection
##$PVM_DigQuad=Yes
##$PVM_DigFilter=Digital_Sharp
##$PVM_DigRes=20
##$PVM_DigDw=0.0084
##$PVM_DigSw=119047.619047619
$$ @vis= PVM_DigAutSet PVM_DigQuad PVM_DigFilter PVM_DigRes PVM_DigDw
##$PVM_DigNp=1700
##$PVM_DigShift=68
##$PVM_DigGroupDel=0.5712
##$PVM_DigDur=14.28
##$PVM_DigEndDelMin=0.0499999999999972
$$ @vis= PVM_DigSw PVM_DigNp PVM_DigShift PVM_DigGroupDel PVM_DigDur
##$PVM_DigEndDelOpt=0.158799999999998
##$FitFunctionName=( 32 )
<dtraceb>
$$ @vis= PVM_DigEndDelMin PVM_DigEndDelOpt DigitizerPars FitFunctionName
##$PVM_GeoMode=GeoImaging
##$PVM_SpatDimEnum=2D
##$PVM_Isotropic=Isotropic_None
##$PVM_Fov=( 2 )
24 16.8
##$PVM_FovCm=( 2 )
2.4 1.68
##$PVM_SpatResol=( 2 )
0.24 0.24
$$ @vis= SequenceDetails PVM_GeoMode PVM_SpatDimEnum PVM_Isotropic PVM_Fov
##$PVM_Matrix=( 2 )
100 70
##$PVM_MinMatrix=( 2 )
16 16
##$PVM_MaxMatrix=( 2 )
512 512
##$PVM_AntiAlias=( 2 )
1 1
##$PVM_MaxAntiAlias=( 2 )
2 8
$$ @vis= PVM_SpatResol PVM_Matrix PVM_MinMatrix PVM_MaxMatrix PVM_AntiAlias
##$PVM_SliceThick=0.24
##$PVM_ObjOrderScheme=Interlaced
$$ @vis= PVM_MaxAntiAlias StandardInplaneGeometry PVM_SliceThick
##$PVM_ObjOrderList=( 50 )
0 2 4 6 8 10 12 14 16 18 20 22 24 26 28 30 32 34 36 38 40 42 44 46 48 1 3 5 7 
9 11 13 15 17 19 21 23 25 27 29 31 33 35 37 39 41 43 45 47 49
##$PVM_NSPacks=1
##$PVM_SPackArrNSlices=( 1 )
50
##$PVM_MajSliceOri=No
$$ @vis= PVM_ObjOrderScheme PVM_ObjOrderList PVM_NSPacks PVM_SPackArrNSlices
##$PVM_SPackArrSliceOrient=( 1 )
coronal
##$PVM_SPackArrReadOrient=( 1 )
H_F
##$PVM_SPackArrReadOffset=( 1 )
0
$$ @vis= PVM_MajSliceOri PVM_SPackArrSliceOrient PVM_SPackArrReadOrient
##$PVM_SPackArrPhase1Offset=( 1 )
-2.5
##$PVM_SPackArrPhase2Offset=( 1 )
0
##$PVM_SPackArrSliceOffset=( 1 )
5.15
$$ @vis= PVM_SPackArrReadOffset PVM_SPackArrPhase1Offset
##$PVM_SPackArrSliceGapMode=( 1 )
non_contiguous
##$PVM_SPackArrSliceGap=( 1 )
0
##$PVM_SPackArrSliceDistance=( 1 )
0.24
$$ @vis= PVM_SPackArrSliceOffset PVM_SPackArrSliceGapMode PVM_SPackArrSliceGap
##$PVM_SPackArrGradOrient=( 1, 3, 3 )
5.63628046131098e-17 2.39245911292076e-17 1 0.92050485345244 
0.390731128489274 -6.12303176911189e-17 -0.390731128489274 0.92050485345244 0
##$NDummyScans=0
##$PVM_TriggerModule=Off
$$ @vis= PVM_SPackArrSliceDistance StandardSliceGeometry NDummyScans
##$PVM_FatSupOnOff=On
##$PVM_FatSupprPulseEnum=hermite
##$PVM_FatSupprPulse=(2.60678803635793, 2071.51480085224, 71.4166222093216, 
26.7115039150255, 100, 0, 100, LIB_EXCITATION, <hermite.exc>, 5400, 0.1794, 
50, 0.1024, conventional)
$$ @vis= PVM_TriggerModule PVM_FatSupOnOff PVM_FatSupprPulseEnum
##$PVM_FatSupDeriveGainMode=By_DeriveGains
##$PVM_FatSupBandWidth=2071.51480085224
##$PVM_FatSupSpoilTime=2
$$ @vis= PVM_FatSupprPulse PVM_FatSupDeriveGainMode PVM_FatSupBandWidth
##$PVM_FatSupSpoilGrad=20
##$PVM_FatSupModuleTime=5.82978803635793
##$PVM_FatSupFL=( 1 )
-1561.30313205188
##$PVM_FsD0=0.000123
##$PVM_FsD1=2.5e-05
##$PVM_FsD2=0.002
##$PVM_FsP0=2606.78803635793
$$ @vis= PVM_FatSupSpoilTime PVM_FatSupSpoilGrad PVM_FatSupModuleTime
##$PVM_FovSatOnOff=Off
##$PVM_FovSatNSlices=1
##$PVM_FovSatSliceOrient=( 1 )
axial
##$PVM_FovSatThick=( 1 )
0.9
##$PVM_FovSatOffset=( 1 )
0
##$PVM_FovSatSliceVec=( 1, 3 )
0 0 1
##$PVM_SatSlicesPulseEnum=sech
##$PVM_SatSlicesPulse=(4, 5062.5, 90, 23.8863782020721, 100, 0, 100, 
LIB_EXCITATION, <sech.exc>, 20250, 0.1064278, 50, 0.8192, adiabatic)
##$PVM_SatSlicesDeriveGainMode=By_DeriveGains
##$PVM_FovSatSpoilTime=0.828
##$PVM_FovSatSpoilGrad=20
##$PVM_FovSatModuleTime=0
##$PVM_FovSatFL=( 1 )
0
##$PVM_SatD0=1e-06
##$PVM_SatD1=1e-06
##$PVM_SatD2=1e-06
##$PVM_SatP0=10
##$PVM_SatLp0=0
##$PVM_PreemphasisSpecial=No
##$PVM_PreemphasisFileEnum=default
$$ @vis= Fat_Sup_Parameters PVM_FovSatOnOff Preparation PVM_PreemphasisSpecial
##$PVM_EchoTime1=35.647
##$PVM_EchoTime=0.84
##$PVM_NEchoImages=1
##$RECO_wordtype=_16BIT_SGN_INT
##$RECO_map_mode=PERCENTILE_MAPPING
$$ @vis= Preemphasis PVM_EchoTime1 PVM_EchoTime PVM_NEchoImages RECO_wordtype
##$RECO_map_percentile=( 2 )
1 99.99
##$RECO_map_error=0.0025
##$RECO_map_range=( 2 )
-2147483647 2147483647
$$ @vis= RECO_map_mode RECO_map_percentile RECO_map_error Method_RecoOptions
$$ @vis= MethodClass
##END=
